10
1063 126
39981 63383 1119 78507 67482 28763 45410 64871 73539 82259 68492 11950 69099 52417 77093 8291 99920 84614 89073 61973 39456 25916 93837 34187 27579 88650 6134 73370 18882 62054 54391 80805 24159 36767 29918 90174 74817 14864 30122 43785 88055 97655 4081 73636 50177 14185 70053 31950 47045 55021 68891 58976 34293 94980 48512 41072 31129 64968 44716 71484 46241 39885 95430 36410 75704 97055 48115 96025 13967 99074 7642 88285 66045 96608 4339 33103 99771 59049 26974 25412 35944 14754 55246 38651 40635 82314 75417 46436 20256 57843 19859 21318 98164 79902 60701 61123 66909 29189 34301 81749 67913 90906 37493 19735 40773 56130 81849 27964 29311 29078 51276 45820 63241 71264 73577 87138 46733 35679 86250 79221 61112 47006 51392 47188 9104 76580
179 111
36337 81123 68031 89574 61634 54400 69200 29750 69827 22118 25283 62359 17558 21180 57022 30555 95677 52187 34640 88642 96807 68618 71933 86993 76500 67930 70617 13038 94259 85999 36303 48787 65717 13011 84324 89587 90860 97121 23031 16750 14764 58576 15636 64409 64558 28842 17090 83706 58038 33362 28889 16535 56677 45085 63451 96021 59463 9138 92504 7372 26865 42387 35228 8592 63 24949 38314 59872 20602 26893 41936 32089 55285 3372 55606 23322 8800 82610 13220 75115 82026 87216 60655 80420 89998 84194 79417 14772 84659 18607 35160 84287 97012 72777 37191 49989 86403 32965 43248 83809 71864 81754 46734 46000 30426 23303 86209 479 95048 24764 80103
2882 85
82346 13050 14838 86997 77952 43699 17639 25414 93471 29416 56898 52207 49676 83362 82097 11761 92517 39683 95299 18443 14635 52168 29454 40809 17084 36693 12590 36617 22973 59605 77553 32483 78351 57922 63943 98880 68447 95050 63287 87290 33245 84942 74714 79652 51387 13136 63572 42231 34259 10465 42048 73040 94071 95426 84564 8380 82639 57199 71786 82447 6254 59172 95591 79359 84991 17512 12223 26888 915 63995 7395 14197 4289 13072 76411 71328 4851 77984 18414 10437 43514 82829 77943 13637 24144
4925 58
41897 78724 93913 94442 42737 39601 48784 55170 92764 18261 96260 36285 17497 16915 85589 55788 83385 95874 62210 25926 6027 39035 14349 37938 28560 12696 39681 52244 81475 41107 17155 55766 72610 94315 47589 71121 26761 53651 22197 14921 6997 36010 13080 12653 8758 79017 90440 7610 83956 23930 65255 57108 29173 65870 42828 9738 5298 12654
5240 44
88689 27934 52297 96084 87414 67584 59269 56163 63815 95123 45013 800 26820 56305 72369 37516 90190 13271 82406 77873 34990 97471 45785 92325 49660 64552 65364 14874 34470 3682 874 39708 37910 39171 48641 86122 86085 55253 45868 70667 61081 85650 23000 40393
1691 34
48914 88808 16099 470 43875 74673 400 68865 71103 3014 78185 56962 27926 38545 71073 25100 81953 97348 75946 28418 67146 37969 88881 52057 79194 97458 11989 73614 23082 59756 88714 80633 71298 63315
2979 26
46723 3979 31868 36147 22434 24591 13308 84187 66620 19370 57750 59620 4617 71685 13120 78791 28029 72393 63013 409 37422 83805 57733 38487 59722 78996
871 19
46467 79872 21527 77920 46056 94617 11166 91500 96268 15201 58832 38363 83092 63051 11374 78197 14732 61802 76245
461 9
43929 56100 24614 56449 63130 61142 85702 13649 35333
2719 7
7621 18583 50063 82746 20473 99721 22687
