33
2036 17
85774 73284 96214 74136 20150 76878 62876 82987 88213 99447 39597 20647 45897 77847 3342 90198 85702
4394 17
26780 63094 57669 73247 19193 15984 7504 82426 57541 26009 99593 44363 26492 75562 69916 57539 72642
2351 17
82049 93275 1241 37307 75177 31464 23002 85719 64356 26546 5954 1908 3659 44415 95760 20093 68768
474 16
11657 42037 27177 4929 83147 59334 75032 12037 72974 94034 20514 12971 58244 49162 55247 47036
574 17
38719 28660 95890 47423 54430 53102 8898 51168 25712 32929 20782 65448 80622 79095 97750 33401 92680
3926 15
38876 36224 92792 91653 55236 16100 10496 10729 75281 43042 57128 78272 90776 34921 45420
1575 17
11878 50393 48568 18241 46883 28526 90248 46019 86928 18615 17906 79268 64069 71413 79261 50491 76308
1755 15
73191 71721 67449 78163 9418 12318 24188 29235 98884 47899 29557 23307 37045 52375 49856
3533 15
36795 42466 42684 54615 67836 649 49084 4702 27380 33508 72299 1619 72819 20076 2934
1380 14
89887 33898 11521 85595 32446 42389 3645 71604 56667 57738 97027 20383 85615 93711
2536 12
17834 58339 45982 75996 61084 56523 94426 67467 4970 31676 42914 31847
3043 12
15862 36034 31347 26549 38710 56024 64401 60201 49072 27087 86910 94235
3307 13
76749 59008 49577 84248 40510 39349 68471 94636 72563 75749 88547 61078 24647
3681 12
80200 20058 89309 34836 58991 63337 37773 85707 11462 46271 2529 41468
5535 13
69935 41887 15481 70449 74619 65980 94566 94076 95628 96741 11423 6304 673
3915 12
51534 41565 24711 38137 19792 31490 46811 94029 1355 75312 55276 36363
777 11
48959 87137 78492 99786 9625 52984 74706 82897 56684 11059 97632
5610 11
34705 89726 42173 13657 87790 35869 66884 140 42642 66740 26429
4966 12
6123 67621 68602 77871 32168 37000 70738 16673 91831 53817 86334 72368
1937 11
10687 54318 79710 99481 56710 45231 10129 91098 89327 90703 11417
115 8
73350 49975 18298 28631 91001 59460 36957 99732
2386 9
39199 51557 89431 99605 26283 14440 92556 27275 24909
4929 8
99180 47761 87007 6006 73568 13948 65638 76296
1078 7
90524 5250 47101 2502 91034 6427 54653
822 8
58945 63179 67958 44846 42340 69527 35093 26169
3535 5
36773 95973 49387 77373 70292
455 5
77170 72386 61424 82148 26629
3943 8
60799 23100 52987 72985 8584 58793 54848 47438
2219 4
32227 41904 14613 3614
4407 3
30922 40693 3693
3233 4
53772 24465 97360 78254
1067 4
15465 49742 88376 64299
846 2
60808 10524
