6
2651 328
29971 70557 64501 1290 98360 35024 73680 49684 66512 56240 58399 30351 64752 77670 3871 82830 5551 81855 91421 35471 56008 7956 97973 57727 76667 97382 35285 96252 59306 8188 47166 15943 92060 29884 55433 29168 86671 3618 18622 3783 15240 28575 51967 27145 70149 31746 64231 11322 28037 35224 36460 48838 71030 40664 94143 81948 61787 68906 58268 12120 19826 13344 27710 97180 11096 79077 75358 2886 67231 3429 20347 31685 12968 22349 51075 46170 46866 62476 2372 17248 30437 76091 39106 69825 89280 2547 33468 23302 92963 62675 40909 3282 38723 2069 82498 55644 21734 8976 71060 35042 83669 98462 22740 29638 5297 21621 42847 47740 85371 8072 47746 34041 33432 57323 73656 71409 49159 54468 4258 41775 29975 52202 9458 67129 73776 5326 47317 57503 61888 13305 64611 19539 15585 73677 6912 37381 83399 42754 11273 66199 27895 16491 54726 61977 87694 39191 7694 39126 83439 2484 85163 88358 49139 81025 83342 60152 25574 59282 82564 68846 28828 86723 89470 32527 20568 65242 6950 94429 9294 10737 39634 72895 65735 85127 34212 75906 42308 94626 3573 60808 68199 68190 61414 63707 55910 34187 71703 18762 84979 69547 64129 42871 46813 80989 52818 85080 71353 3392 80795 9151 76390 483 24112 62292 21888 82264 18091 50410 80660 20673 83407 32167 75277 44993 31121 77803 94377 23087 11802 68713 52895 97405 39255 40543 34125 43990 57575 75871 86197 22220 90629 86638 70546 40009 89288 17167 45840 40829 5221 64181 80041 32218 18730 88332 34354 43344 52856 89039 50885 8752 69924 20980 73753 7184 5464 49900 52816 63180 27194 6800 83513 82434 55173 67627 25324 15174 10866 66016 19183 72151 75564 13904 10284 12978 83749 40212 80135 84121 8027 98107 20801 71053 52801 48565 39078 22759 97094 44452 26792 23915 52688 71189 51067 1989 73698 39111 59775 77646 89540 37284 8475 35210 90206 69503 71446 37561 91789 37798 22520 80961 43382 4176 68672 18541 46389 18093 41101 5424 9722 27220 87751 60805 13112 86485 1648 34404 43169 97992
255 196
81615 18342 44528 43099 11107 75950 76338 69037 20128 74404 41356 8154 6985 86890 38751 21197 1233 46077 97945 26730 57476 52898 68456 2315 96387 37722 52254 46700 75225 15338 48021 62322 67362 95022 75779 50433 61691 74916 32903 98585 80947 8973 21642 82042 1842 57219 18067 88210 76385 1794 1503 15708 8729 39841 71921 94456 44577 76852 83748 11870 92357 28505 76516 13910 2878 30770 57338 3885 6885 99650 29606 25874 63994 75491 31319 64079 41756 41773 78631 28191 4960 17640 98284 27240 596 53145 33015 63408 38878 15269 1896 94643 76139 6012 87343 35628 79804 51626 76639 34173 2109 80278 87067 36801 16930 89413 6259 93587 19835 69297 67662 16605 76802 21938 67490 60803 50556 83963 97121 20560 97229 76720 35767 25794 50245 16365 15580 61531 68958 45553 3684 62568 21109 63381 76043 65724 56828 64555 74380 130 36560 71351 17434 19491 94618 684 14940 52787 3437 22947 22063 83004 7923 59293 95006 65598 40757 11427 60458 46384 484 27430 79701 34077 99346 96342 74536 67593 76981 69943 92559 23973 94985 37063 24830 13391 84734 56236 14588 33113 31666 60641 30116 76862 28330 26300 87719 61817 92113 54411 77200 74714 35185 33838 90210 52167
2676 109
19504 46774 74680 72771 16659 11755 98786 49449 68729 33813 8883 11254 70057 18603 23580 88248 99390 41387 53314 713 79661 42273 14735 29294 7960 5520 13627 98485 23510 29636 39965 52522 20135 32236 92115 98784 18635 16546 75590 25010 99883 64367 15892 92017 68357 27904 8445 14116 39811 64981 5122 96453 5981 92576 83926 47560 46265 73888 19122 32452 35992 71155 82437 87092 143 71485 2909 42155 56962 41035 81112 50793 75188 26868 50167 96526 29046 20272 8116 24945 79169 48286 7241 35704 28656 41994 55192 81241 93337 30419 48493 89678 37964 79908 18791 57322 70023 86751 13924 2449 12820 25928 87862 64635 48685 29574 67333 95711 55126
73 60
99338 41844 20255 95752 17803 50327 83953 99352 39069 47846 12354 69319 38162 72572 79250 91331 79132 13400 96122 41461 1700 58552 66377 13193 31495 1876 93257 31124 81040 49558 4220 77643 78221 55394 7316 37157 50607 16749 77486 5931 94291 86534 57605 66484 58097 87872 33135 45977 32335 85920 3493 40786 98261 92973 90024 49232 95898 96194 73758 59351
1531 22
13834 22402 91989 92943 33876 64783 66980 84682 87979 77144 78617 4391 67092 10020 64100 26627 25810 64361 79495 74194 70284 59710
1868 13
66675 22513 8122 7173 37666 80303 9468 99745 61552 43391 63102 53045 64362
