12
5682 146
38974 64202 23505 63104 36782 5546 76313 50663 89454 70182 33638 52124 79969 76695 39459 99470 1106 96042 34316 56572 91846 19041 17265 46751 71976 4495 19315 86975 17439 6696 91740 76387 40274 92467 94295 72801 98681 33333 75165 60562 34144 89427 84515 89715 16494 69612 83194 2801 8853 82771 99094 36913 28584 40249 21605 25084 51656 3748 95076 10053 48442 4635 94779 90697 41909 98032 80955 92339 1282 29406 16425 86930 94626 150 82437 29592 38562 77873 34384 85023 50299 81971 89358 53544 88478 75656 44927 19349 66103 48312 919 62226 42171 71425 26022 38628 64 60876 42620 22828 92216 67341 21805 92408 157 92350 48 26182 19690 97774 96433 63360 47450 83176 50404 66278 12460 26456 66919 36368 75854 2120 65327 69450 5277 41076 20630 35368 14420 97367 50589 33124 79020 2861 8511 38938 89452 80281 98482 7966 91927 21919 41146 86874 40355 69761
4713 127
32751 79891 73833 27790 26955 81891 99520 57105 43216 95798 92705 43838 29547 98046 9946 1363 15084 16468 24949 7397 63892 45959 71561 29457 18148 95193 83817 61121 63494 70152 87712 49634 18985 56211 48619 80161 57931 56036 16367 82931 88039 22443 65008 83685 78348 65693 92107 11546 50262 92244 7674 77491 14963 88499 21598 77520 25244 57457 48392 8626 19635 50206 41485 9661 77632 38434 85920 67515 36042 14808 26264 86485 29314 41334 49097 19335 60534 46895 20016 86916 77414 39978 36752 91815 98916 64199 18331 21006 12226 9352 522 95428 16669 9447 74787 66477 17233 30936 33004 95508 32874 96768 33204 83179 47111 92830 3614 39327 43716 97268 497 58644 44941 99285 85065 63860 81873 9877 93394 63515 70450 69929 68292 7455 47351 7789 54437
1486 109
35493 33014 4699 77265 70625 78810 19238 72418 19737 64956 60318 12157 31574 46902 34314 79794 78594 15925 33241 88577 43183 39900 33593 53936 27982 38268 66734 66715 54196 17283 97244 79733 96627 43846 15313 65427 11213 41290 98449 223 1714 72102 45190 63060 67170 57425 28418 27254 40642 15954 65151 20438 19033 21359 34965 49510 47256 46242 11197 93126 37283 7658 57606 99738 24354 85222 5597 58402 59488 24286 68111 30034 76525 63063 97435 68405 39404 19609 73258 18524 8336 44765 57371 36708 75400 28368 48417 53572 81634 46827 15294 11305 86591 85436 63040 53473 66732 1451 10842 94252 81681 40538 95578 2359 40529 10566 17601 4933 16561
536 81
15549 87573 89508 30568 32995 91125 30616 4078 42732 47032 73214 68309 24362 12722 43816 85952 83853 36573 40763 49119 19981 43851 38958 81723 70478 54875 17413 41915 18876 12919 98200 99623 3122 31753 22039 52397 69973 90300 1127 61335 30467 50562 38413 38110 22258 38030 43070 72658 59943 1258 61439 48334 69071 39146 44731 65325 20923 31604 52873 60911 68681 14845 41820 93396 89743 96593 13522 47354 23471 75262 82889 91699 80139 66758 51994 87213 77716 69074 7099 1396 1004
338 66
95807 82988 7786 18577 24625 62549 4347 43364 55383 958 80770 93728 59514 333 7278 44529 35379 26507 92254 31549 71373 18107 33185 85418 76245 80683 60195 48232 49082 98024 48617 3796 42763 61354 97728 96748 18736 26434 72445 59467 60600 17572 97358 35375 39698 45253 57715 27780 25444 60879 51345 6470 79606 10064 80431 60765 41917 86580 12633 93565 83181 78140 75345 69854 94636 64457
283 49
19794 67331 47433 12860 53399 4639 46774 62039 98257 1615 93819 28941 30044 13061 17681 54905 40995 8675 92027 40794 90684 67855 22961 46655 7687 48059 83073 13806 5109 94283 94235 96780 86256 65701 12323 75541 52385 32844 69475 41703 97825 35291 37209 94168 81126 53960 64751 886 47001
6549 40
78519 85528 1249 90827 39795 11013 35362 45071 16020 49916 34139 869 98190 73481 25536 7218 93377 66601 76899 2508 78129 81003 19410 86393 21676 94947 87063 60821 3981 72787 39741 47662 64901 36476 32884 24194 93635 72381 9856 77881
2282 30
12269 21572 11088 28424 70171 89812 57963 33243 10624 35922 318 9543 411 2475 56332 46211 24079 43727 52534 42166 95520 90607 89503 76595 53890 12436 75490 42921 16274 34860
4991 22
75330 75106 22347 80704 42754 40824 5496 32785 51745 15489 6481 81884 24308 98181 81469 98185 34531 9055 68258 69433 77301 2525
6262 14
70006 24772 4860 725 10716 66190 32936 87358 26123 39113 24565 68334 89975 91195
722 11
52963 18074 78533 32694 18773 29631 28858 67645 45619 35701 92925
997 5
64591 49852 56568 97409 64828
