7
195 530
56437 35354 1362 25580 8095 3032 27363 32127 71188 41634 62273 69680 78184 62754 8707 66472 59518 5981 44323 63062 16769 67956 32759 45955 59252 8730 86521 73470 79490 46547 13458 17739 78785 1839 83276 72998 15253 69330 71623 39778 68199 3908 1945 6910 36909 65160 56666 49196 78605 39606 7031 72392 78477 83487 60585 48450 37196 5571 10931 48354 35162 89580 4720 70939 46774 54748 53328 74321 77011 362 87966 19627 62423 54217 28054 37900 52243 14435 27860 50345 37179 45907 25573 11296 52562 69262 21944 8194 51614 69061 72228 16623 86934 51044 1748 27488 60942 74091 63035 48675 39005 11736 17907 75951 42446 27939 41849 22618 55520 7634 20271 65167 42777 31517 32332 10772 74135 32236 3536 10378 42549 53527 76577 10948 16451 27276 88847 54481 45126 17328 59612 40409 60829 11269 68668 82103 42580 57167 5732 79376 18143 86589 21960 25506 9152 56876 22666 555 45715 53851 55895 79962 4013 59921 66530 62893 217 5208 61306 4911 34648 38151 43197 11470 15426 85416 32882 69326 87529 45769 12590 84612 59281 6625 20488 28292 57387 8383 35718 11418 46708 31924 10236 40900 68897 80170 77707 78779 38019 85267 34409 77450 5477 59898 68207 69564 18014 10287 70506 83190 18811 30646 28207 21846 49035 52807 81226 56939 81288 16372 29886 27198 70005 15651 13035 77778 1486 84573 39416 30839 21301 19811 4091 73993 21194 16866 55392 51476 72572 24702 27997 57250 19477 35197 53339 25369 32956 15646 79193 63945 35291 44675 6043 60448 86697 8026 79840 68432 15681 45394 59444 21016 19050 24716 51700 9187 3031 20678 70732 36901 22576 85061 33788 22716 88090 50955 81404 33318 53798 29079 24614 78540 12055 83168 33724 87890 36121 30354 29380 5526 2890 74385 33520 11393 69672 72519 17796 69944 68451 56741 63289 54823 75957 72610 82264 84442 36840 15938 53659 55982 72293 11016 51881 8568 48923 3776 6487 32151 54786 64363 25067 55141 36012 25652 27411 71165 61625 36075 13224 66515 72284 51154 55692 49262 43023 37290 15802 2089 52896 78620 25938 31626 14213 63637 88833 84197 65502 69324 49078 19128 64017 72558 34467 29375 7445 78968 26022 80459 58656 84215 74766 60431 41519 79450 39288 64559 14083 15854 80321 2903 46448 62342 81943 33045 26969 13840 33421 49369 79071 51301 8495 42026 82668 66770 49016 72086 57301 61205 25168 40145 72734 11350 74972 6946 51867 49330 4943 51101 32450 82529 52107 63416 11342 15162 37434 60553 77756 18217 102 13762 20705 46347 85957 43923 34037 71873 88494 79646 68019 54499 7077 19258 88133 42068 29912 66458 88029 36082 71999 7607 47544 80451 31377 64971 80002 20440 16192 38767 88430 28350 26674 23303 77575 81610 42104 77253 65747 82483 27643 24686 16261 731 83672 51799 45436 48586 57571 87158 80389 8631 28400 59691 23795 34757 38347 12226 12296 14458 47233 52298 73807 68995 3533 59817 28591 53555 62578 17601 20205 55149 39129 78015 538 37348 7482 71774 31706 24271 16919 37988 35836 44633 44152 12257 24695 2226 40357 29054 2240 43040 52703 30018 70916 38369 11075 33836 29586 27679 68528 414 48687 29405 62265 71578 50432 40171 76532 74127 22909 8154 32369 75029 63896 7640 34480 87014 1162 51701 18234 86441 16750 1485 17526 29559 35022 2570 10096 40264 81884 23005
1490 8
4931 22644 56789 7075 24434 37034 35331 55831
612 9
8089 39853 1879 61872 16181 58347 41024 10291 65226
379 9
15189 52605 1157 38876 27513 85188 52947 60493 34007
560 9
33829 71901 83795 52238 86667 12723 35056 45031 227
20 9
9565 84453 14754 37388 78724 87307 37538 84194 5249
218 9
53859 14342 35227 58549 27993 53571 4345 53584 43835
