9
599 216
70024 13583 35643 37126 54408 1686 64515 1892 69530 51826 11799 5137 47080 87162 23152 27906 22906 42010 20901 47922 82513 82799 51027 46183 73701 8197 75916 57355 7607 98727 51379 14818 86316 66515 53314 49892 58263 66037 34034 47525 14354 52393 90389 6326 95330 86008 409 86796 44879 965 69981 56923 84977 60183 12701 55918 5913 61486 93226 3021 7140 37028 92401 79599 52143 36040 27072 11332 1174 76235 36112 66068 97785 69547 46969 13289 58617 84771 1102 78956 33564 2063 60756 92479 56562 51645 77987 96420 40150 61933 23849 19425 8959 33019 80077 23969 14569 71221 43680 29546 69138 80549 72048 53067 11060 91202 42151 27920 41771 58392 66273 55962 22142 96828 32245 54195 91803 18029 81378 53967 69742 24339 92953 47509 3483 55279 45377 2746 44630 15379 10347 74574 80484 19545 97602 86543 4638 18825 34353 13530 6027 64180 51908 65096 41555 88351 46568 50618 6268 25905 33508 13856 70925 12038 83292 34500 41137 88648 21444 12948 75988 20128 11097 1236 12482 49507 15764 41838 17221 86213 71733 20186 42649 20869 92797 1955 99434 6864 4826 71066 90870 29401 97781 67616 13209 46769 93724 26395 23395 45229 87611 79268 78293 99891 26262 83101 8934 66100 81616 74396 88441 10941 53636 41592 43934 88461 82263 49903 12939 60650 40209 50310 7350 88352 12531 26684
169 160
34736 32377 34711 42080 68597 77831 12250 47586 47817 50688 16612 34761 4764 21927 93486 92310 21900 45176 16492 77790 63501 22019 70519 74239 89224 58221 55340 71959 96374 79986 40218 97820 89020 89738 41231 59146 7439 9265 67718 6 13182 97116 34683 47900 67084 42829 41212 82032 99683 9227 44300 50805 40160 62632 17042 95467 91237 50925 72041 61344 89892 2403 24721 49382 27232 50627 47046 78117 31535 65208 93885 78996 71382 47194 90519 74366 12488 99752 8725 78428 73304 77302 7566 62533 44068 39733 30390 86043 47730 40489 33312 84276 43826 92172 99809 21732 52902 14583 49300 17109 37495 60696 40537 22124 88507 49153 37265 12092 19170 31402 63174 37385 23266 43463 56694 96230 14167 42916 74365 26243 49901 54389 31074 12172 47330 37980 88200 80925 85377 75718 95548 61684 28089 10882 89567 38232 77478 23258 52688 96346 19566 75118 55607 18349 61155 52589 48507 72841 85982 77947 92352 11303 23226 54646 98698 82004 57737 84602 57199 47009
133 112
20094 85485 82272 89317 68718 30819 2221 30698 78749 30432 64214 64296 39005 38599 80863 43273 79497 38420 72990 78069 26248 11350 89245 41123 49332 26431 99218 35503 91772 68962 2125 16008 16010 48852 41674 62661 34814 51554 98560 47119 47723 58213 99380 37767 30806 42121 90036 34029 78943 77426 22880 82833 43615 84548 38603 56639 34345 14245 71013 39636 65260 44191 28555 82084 53936 19735 18904 28057 42306 64644 87320 41296 31527 46816 99353 59169 5569 37903 15225 44521 71192 58080 55331 69614 13275 14315 14123 54212 58640 67712 16863 52279 1667 45995 39366 74085 3622 74039 12877 58901 42250 30545 25460 29044 51620 12396 53848 85372 44189 78138 1437 82422
324 69
72656 35177 54554 83042 3062 81774 99322 91257 28104 24384 35638 80895 44997 38133 48366 46662 1282 16194 55851 20903 24324 83513 70210 87903 42030 15246 70919 61917 73043 19201 85002 97682 35565 77211 93729 17567 30120 1264 4837 40773 64623 10846 47767 97488 40376 44336 66658 32216 46512 96350 96267 46130 25309 53892 76140 11386 50445 40646 60312 50699 83562 84099 63420 26143 98684 13474 30351 37721 69142
1022 48
32741 5403 12578 77643 31240 80401 54444 70466 22176 50201 1931 3768 98036 31038 38003 96272 70138 5478 18380 56317 85547 5654 4431 40214 27085 3668 94871 30745 72046 42002 89722 75153 20260 44825 4163 85125 25428 59944 27664 37913 46624 71452 43983 67263 17743 65671 19699 21109
305 30
99331 45149 242 22324 69039 64383 44221 79378 13677 8562 44710 19813 37110 24138 91113 95138 23414 75534 12433 13411 59462 6551 29469 7594 94285 86680 94519 98453 49748 48941
162 17
10618 74099 66750 80153 84913 44111 6535 3397 30048 10984 99508 55899 81702 95676 49275 15065 56530
814 8
50863 39071 36646 59700 73828 71015 38525 63820
8 3
90009 42116 25875
