11
3239 113
45610 10818 42813 71814 25073 13231 27291 37576 71318 54449 86512 58618 86404 93899 65580 51106 55223 82273 43094 24819 17126 62209 4806 63557 57765 84020 19049 17188 84591 29337 9768 69402 14265 34079 65773 67914 32499 55891 86121 31148 28970 76490 65690 90786 42318 37645 32087 82811 4944 87079 64926 30409 55810 7867 70176 5477 11601 91326 6156 71824 87902 39795 51485 52124 2974 67879 83191 41211 47375 88044 65897 85761 29078 73619 17332 32789 12751 22984 17729 97590 51570 29246 51187 73420 60030 68539 63181 92805 97177 99940 30391 27459 66454 10860 33738 92763 42111 8601 3 57116 21808 48043 30940 2688 9939 99147 89972 68050 1870 23541 46120 70889 97604
8655 98
78203 95636 66581 57932 81408 45232 63094 18573 20920 83050 53662 94157 22821 63929 84114 7533 18754 68305 18903 69256 7127 55820 56267 87311 49932 88238 86834 34479 10962 10021 38626 49386 70239 7691 55079 52089 24651 67200 4493 52769 48533 67680 26698 15605 63897 78281 55259 81119 52111 25221 9995 20467 91050 22416 68225 55104 23794 57294 222 88342 88614 50989 35818 55471 40845 2771 67800 75905 24561 10830 66597 49998 65288 35330 23890 83956 94109 19594 52752 22822 15451 35913 41313 86918 69673 67215 60265 55426 75627 94921 54437 48456 74207 71320 39488 87885 13653 36684
1487 80
79110 10023 7546 52793 78784 55477 2442 84278 8267 93316 54605 15363 60101 55340 11973 74131 4006 66908 76817 14248 10740 5242 71078 16269 98729 48980 50999 26257 33227 99597 36054 10624 8958 85817 6031 78872 74588 14718 90073 97837 55669 39485 1130 7731 96640 68074 76554 17037 90986 10952 36452 61079 97769 39723 80169 78349 43333 19985 98222 98335 41287 45787 62473 47702 157 63342 83480 79251 12705 17600 71743 43305 53775 45909 23817 61440 67784 46581 40911 65796
3543 62
40932 37302 60214 29438 99310 34848 47603 18974 60508 62780 80108 73523 54219 99983 67678 79580 69781 38416 4580 8768 69759 42498 84608 73069 62016 74785 80092 17870 60936 89996 82267 39017 38251 71530 5214 92160 50488 29350 16007 70116 3066 58626 92971 67820 38770 57990 67986 20738 19161 98273 98759 34067 22402 13229 71465 58311 87559 14795 57487 11475 94148 49030
7284 43
99409 89525 19502 49882 32566 64022 52132 27769 5219 47789 6279 90476 61100 23256 87905 58395 41218 60154 79676 36623 46130 45234 64807 30019 95040 96018 49840 77126 76113 57839 97858 84817 79098 47579 97359 57023 9066 54120 8743 82855 73025 93313 99347
2259 30
39210 47010 82622 60744 1813 78283 17283 88800 37408 13288 60591 27372 30618 24266 7560 45871 42521 96084 34231 55256 38100 72401 6994 50875 41045 92302 76614 93759 18496 25485
7494 31
94545 63850 538 5505 38320 55462 52352 32444 5792 86613 57211 34500 19925 2461 96724 48653 89364 62896 17649 92339 96250 7216 30889 66938 60340 83034 90652 35530 64949 59383 18054
5571 16
46554 74087 20115 80802 27077 55920 68507 28574 73321 16778 55355 53177 59397 74052 2437 30050
133 13
6587 36361 6922 72920 72488 96283 89570 88806 25245 36496 74249 69009 65349
7502 8
67129 79393 2284 58687 49384 41605 23261 32122
2 2
89184 93705
