17
6829 108
41614 46137 77685 57984 78136 95003 4013 95781 15879 14382 98516 14798 48983 88413 76915 8252 91479 30106 18992 59853 98102 7126 97817 57447 19836 90486 68444 58277 63236 24180 69624 3252 55914 42335 74689 74488 49538 41085 38306 33925 38332 91032 52405 56641 15162 38303 45899 98012 590 11288 1739 65104 26264 60337 2622 10537 98694 67734 85025 39895 27703 33890 23086 4050 61728 99000 56355 46094 5535 14354 47683 81954 63424 21207 30497 79546 7154 58055 30115 94620 65290 40694 45207 17112 70332 65161 4782 5262 47000 16247 20259 14227 67771 30516 54113 51309 17570 45331 7623 45256 76487 30494 50663 72179 78094 89646 40374 77627
7309 100
93052 65845 90132 73409 58637 57479 52321 53421 57281 55405 3240 19935 13674 34844 22070 98161 48789 79384 35917 93096 22208 41190 36576 4676 15497 20628 21494 43878 30885 35901 79411 13758 95205 28771 40106 73280 45323 84427 46593 26629 65480 885 5137 97776 73618 54034 25530 65710 81944 98729 76976 41547 88654 34529 92872 25241 15251 59155 76931 91543 42404 57921 88150 35742 26785 37409 29302 36755 1420 25579 82276 41937 29744 11952 15528 9466 49873 27406 24994 47068 16288 64669 54795 37214 97649 96245 45655 11729 86194 53499 67105 4638 86123 26891 22625 71328 61137 94181 71462 19134
8740 86
52310 20520 34355 51523 50360 10120 97359 98638 44540 25655 62378 84135 18436 19918 48699 69962 81990 27498 11861 65229 81551 10972 84289 33610 34230 14053 44438 53657 7557 12652 18404 75461 23066 78957 73576 13350 9450 84861 65403 38733 74400 95250 98855 48479 25915 25321 84224 91715 6206 96083 56184 48366 37523 23378 32278 65147 27107 23389 67944 40954 71593 8954 79923 52851 36856 38737 83011 76477 76974 66449 71395 27334 84875 72303 10415 95288 88358 48477 92604 21458 67730 25553 41143 99526 29488 85073
4778 81
47599 63887 78395 89946 52844 39410 38408 18578 43018 38520 84594 32894 6260 54491 13070 67604 87341 50490 90738 2142 91785 91789 29803 15351 46821 46749 53740 78420 53097 97886 43192 87464 60945 3964 99391 34765 76455 4426 75560 46095 47772 22695 36410 83959 15881 68885 97975 7779 85395 85415 40024 78753 94119 40604 92519 44572 53778 94366 13493 92910 56516 88787 45396 29917 31486 49851 26402 89987 51433 19797 18938 34491 85227 84154 31995 86346 66288 40847 55816 24835 71038
4957 65
5658 67664 37638 40449 57812 1037 58679 51624 5581 98082 81146 9330 70032 43693 65053 7476 35858 13984 88160 88644 27720 45554 46446 36812 50095 9234 45123 15146 16203 28026 48473 70942 79433 17082 99940 47651 2842 21854 60938 37564 68966 88503 11845 1569 93084 40520 89052 10137 93701 44192 27697 85770 13119 13531 36979 97917 30444 8739 42423 9662 67942 11598 60355 95679 7162
3611 56
15695 48965 99491 41074 90304 36064 16665 36928 70304 70058 80507 82017 17220 49660 55966 87491 46015 54821 85572 12081 71509 82794 84312 26025 74527 40356 15863 40132 91463 81103 32148 72987 73980 54797 51477 60609 10635 38499 30183 76576 82273 10655 11193 70083 28278 86412 83071 68093 45793 4965 93342 40561 86373 70753 46552 30796
6897 53
31553 46395 15641 92254 44345 21465 86869 68318 68364 73332 94266 73743 20128 28183 35227 11010 8236 47389 86124 53711 32233 71740 90988 25695 86361 97345 4595 17419 87301 9109 18528 85881 73276 96249 13227 53027 13324 62021 84350 92495 61412 95733 69402 70003 34642 54006 87275 89128 90517 44583 85040 57391 64444
8987 42
85695 52067 96670 88925 34167 37659 46439 84642 37960 20603 24295 95259 4131 34749 21846 45346 12265 49664 48936 95511 59845 6996 56293 10200 14684 51210 52170 28867 50125 50300 72245 71032 61146 67809 61334 27081 25106 77974 69265 55454 22546 46435
462 34
83000 62334 21469 45368 5199 29902 40499 49735 19676 25072 99510 68844 5514 29118 43675 4882 86871 25880 62758 74056 44303 38632 27585 73228 67583 97335 9855 16774 26032 97039 64963 18939 86647 67341
618 28
73495 41835 42420 84810 57476 65473 45412 72689 30806 46573 31800 91784 82320 40730 86316 50551 75166 44853 76832 72989 81041 28937 17680 17358 64472 35861 20687 23930
7474 23
78123 63976 6350 81197 51326 19037 44723 87932 28231 89196 36359 82928 93943 30963 7998 94876 61716 36998 18245 22168 37723 83489 70510
147 17
57838 8788 35985 86785 79982 12640 86978 58075 76032 8004 7715 13276 90897 77438 98015 53963 49740
5287 16
8780 54316 28440 41395 94946 29708 98879 76727 52268 2182 5832 77178 17579 3283 84311 30838
7655 11
74500 17230 98304 42349 79673 23731 37880 50215 56020 6542 88128
5030 7
62019 27124 50080 98791 44514 30861 21525
5923 5
87941 24633 48958 83517 35487
62 4
58390 66402 86397 14383
