7
40 167
20810 20926 32149 10770 81438 52339 43681 23375 32541 51986 40764 12611 54764 51195 85645 80836 9986 15967 28456 91078 16141 14733 19886 47097 44041 25372 70646 37146 77133 84311 32502 3566 15121 60439 84418 616 31791 46795 87504 96102 78249 59346 70865 21170 38781 97004 77011 13750 38020 96491 92424 20877 54094 29010 14090 1493 73925 25514 43031 96437 74547 8223 19096 63717 76617 46687 25829 35980 23027 29105 12690 91958 11211 26257 96176 46558 52524 49816 77204 31426 94076 69536 61052 76665 1985 46401 26981 20265 71093 33509 94403 98350 81519 44930 93747 82704 51014 23988 78139 22699 59434 17940 99447 7000 71402 49612 79566 66030 49870 12602 87432 6090 57632 4398 67094 69446 17879 73170 86972 84657 43044 54770 50134 77964 90071 84676 86170 59844 84805 59441 87144 43276 85354 84322 20049 86423 67182 43339 3773 96313 1235 56303 49956 87615 91779 67487 32788 75884 27627 42851 88268 82591 23630 41107 98626 9764 15954 42676 79870 46537 31804 83702 7039 8597 24175 82057 13713
997 123
95531 91365 46670 5910 30674 13424 29971 31707 58935 7963 78717 54014 37066 49266 43869 54544 99191 87043 76947 26288 77756 91553 35944 76509 37947 71049 98920 10616 10286 46103 78224 91814 98545 49725 59900 68064 23940 58670 37800 91975 34897 77105 10466 19156 49879 64190 68975 55707 13577 58780 94082 35677 53706 3505 5496 83799 59314 41011 8916 78880 93123 22056 27256 5670 63762 20339 19354 97243 15205 78744 6446 92832 42171 64012 318 75029 79670 36956 96063 52052 62562 96365 23891 70557 57856 24668 81766 43904 64207 14571 68255 92411 26823 13329 38868 8356 16265 90620 82534 27015 28492 90791 35300 47512 56936 45601 33702 715 30432 46972 80826 662 65742 85683 88570 5061 93542 85879 92080 32510 59121 4018 23854
4514 80
34078 83682 84072 68666 86565 44476 22282 72593 83140 97826 42875 67618 73951 84411 80421 72241 43621 84263 18552 88230 1401 68740 972 18700 20544 83089 47985 71223 56152 84827 68760 28488 96355 51984 22562 20043 8095 6073 99002 12953 99249 27524 36681 46244 4774 51251 50731 93284 73822 77858 80593 47386 20125 31497 80861 71520 76198 56773 23836 39861 19263 23669 15132 89772 99482 18456 11736 60534 19212 97865 86000 85019 34728 89706 18259 8489 14906 58128 73332 37116
59 54
41736 61998 85237 18880 96315 87605 52915 94676 91812 41267 29920 19104 75995 19241 85377 95121 95899 11431 16404 48218 52564 95748 83652 32496 23446 2498 35339 15740 99215 40157 54071 54349 87776 50037 16216 9727 47786 60866 14878 33133 90875 65224 42918 82564 2760 18044 49547 94492 31253 3674 9391 37327 18937 45027
622 29
34499 25410 50168 93297 10564 82850 78818 33303 48009 40542 48609 31015 96607 14975 82379 55764 94601 58666 72510 19441 95297 63225 71300 94871 45155 63339 14803 25846 74846
328 16
95546 75323 14429 27839 19967 20045 45744 13855 39987 97443 91223 60312 72662 42172 24996 63027
887 7
60177 91334 81038 37635 11316 50294 78473
