101
1598 202
39427 15686 19405 35719 19671 35366 16068 35278 16494 14939 6131 43485 14878 6894 25706 10539 34236 30958 9471 39984 41686 8892 35762 2433 1888 7559 43422 16841 3349 27255 11041 44187 43199 19598 37210 19985 7045 27549 35538 33245 31112 4939 31144 28018 6628 30161 27428 19773 39294 34549 12213 5428 23399 23614 40978 3390 4959 41663 14481 31304 12797 29562 35772 30288 11639 24538 12462 16385 39156 15499 40846 33188 8424 13694 4739 39165 10806 39866 15233 1961 29570 39747 24691 43853 41409 31509 36240 9910 14123 22606 15539 38958 16861 28147 24090 15914 33802 29376 3737 28804 21986 39236 31072 20526 24189 37918 28268 24472 25116 21231 11217 24817 27052 16973 44481 11497 18384 40543 13778 12870 2058 29880 10508 23246 41 8584 38635 36900 29894 8649 15910 35841 19862 8568 38019 12369 2484 36953 23606 27168 35623 25275 41616 17616 43902 33640 16475 33926 12308 15056 42075 32998 30811 23660 1509 4647 42824 20597 22773 1013 8245 43664 8320 29722 28326 9798 30802 41640 2127 37415 10241 1520 13175 4972 33670 34364 19071 3602 41844 6142 30993 13671 6267 6164 38246 8975 20505 8916 2566 824 9916 15677 16769 9192 10045 15545 12910 10714 2501 7305 37095 3809
2029 73
18218 44177 41233 14770 36200 23990 7475 5161 37955 26835 17025 23777 28794 35763 37680 2084 21342 3545 31962 23183 12779 16344 29263 17229 5996 10846 24228 2652 12599 7246 10734 10950 11603 37819 11052 29424 6679 10609 20330 28907 32749 15023 29532 42236 24322 42733 11746 5506 32932 25830 30094 25950 42956 29934 3501 28448 22669 32072 41555 159 18958 8220 17188 32975 3097 11320 41548 15072 19530 28101 22065 42762 25097
923 73
7510 36821 30399 40870 28015 40566 35353 24736 18029 1154 8796 7331 20733 37024 26153 10445 6074 7765 13609 3995 33046 39542 10580 31993 5292 32824 27977 21836 21146 38030 44530 10439 40145 24581 3840 1110 35057 24907 41661 41940 27629 41575 39119 28342 36054 13108 24806 43661 30747 8869 43909 13002 13270 43027 28367 3775 5264 37219 19826 20376 4666 17405 13512 41900 17267 18116 35713 37256 43009 12566 32375 6132 36528
4002 72
3786 25637 28369 44534 12999 42974 34521 34174 32018 19490 34918 1436 822 23983 9643 28497 40014 9789 10125 5242 43265 31364 29211 23617 9056 20378 41014 36960 17534 14117 13604 41952 22811 35373 14358 24703 18830 34023 28970 30941 31447 11180 19911 24897 26070 14633 476 4533 10190 44051 41448 22712 36493 31422 25360 29672 27354 14465 11266 10341 15489 34503 11454 32843 38797 3142 13657 31801 3281 34851 37812 23132
846 72
1309 28731 12758 13178 28756 9778 6471 1931 16360 40218 15364 15144 30731 571 15816 4547 41615 26353 21507 17307 12287 24546 16620 38379 21258 11553 14046 32713 35138 33305 18279 32740 12824 2402 24142 12102 42580 21067 21044 20545 29549 27347 31741 37876 7037 13492 44024 16474 31674 17589 28457 35767 9969 4950 10850 18675 4839 6484 41507 15901 21947 39323 21476 1994 21114 23460 21216 31951 20776 27511 7506 8078
549 73
40514 22853 20956 18149 5006 40778 17865 40713 11632 6847 16807 5525 15260 24565 29575 40855 22036 2056 697 17824 37417 42680 17026 18768 20985 16765 43469 34197 22400 14894 13215 39261 16400 4610 3353 32642 25232 13087 11645 17677 20147 28291 22813 30215 14084 26292 37292 35603 42261 36354 30068 6895 13553 674 3447 1193 2557 6292 20881 1835 7387 11141 31651 40964 21594 327 43863 24285 28603 38144 38973 35759 27173
4426 72
30284 11477 16782 4758 7300 23119 2789 38541 5503 28567 37449 16723 13259 44207 4009 35511 33315 9176 39022 28381 21723 19679 16780 20423 6192 31502 3396 34246 44418 25404 3671 15867 13161 40824 32796 18825 35391 18001 43056 7926 25955 26815 13212 13177 33371 42071 37961 43561 31218 24976 33385 30861 22188 198 4300 13743 9112 36804 22076 32672 32487 28014 31164 27007 1123 37036 25753 16076 28208 21099 25949 34576
2602 72
13846 21332 2352 7848 36859 13670 34303 21938 36058 24791 42851 41752 15843 3024 18853 38435 20678 44657 25896 13974 27344 4976 11507 25575 22561 36396 5725 29401 2610 24282 6944 24576 34025 28246 40694 6104 24299 27371 10297 37371 9469 9090 19428 20500 11142 2579 19201 13063 2868 34894 4718 20859 21829 1733 26234 35092 2415 42150 29981 15510 17109 36540 19788 40472 23490 28928 6062 7696 17627 36845 16625 39766
2531 73
24382 35232 40168 35298 22781 20010 6631 24518 3055 36802 10313 27698 42461 30260 44124 234 26110 29998 31189 43947 2556 33554 21567 4411 18916 5751 27840 43836 29240 24912 44460 28629 12033 1746 27791 8875 8651 32379 15361 20195 44366 41148 30604 18709 14840 39876 905 8977 40061 5433 1311 36215 4481 15147 26540 2427 19332 16351 37668 17027 5366 19831 20916 29485 31987 21411 36637 16652 13046 34075 37300 17667 44015
2310 72
31326 33775 41943 42663 30369 11069 29333 3811 15579 2513 14335 26305 16760 40053 4689 26655 12627 39349 2227 21629 36039 15528 43508 35054 2658 29375 10490 118 19265 31525 37281 22138 540 12068 831 17209 15299 8100 30749 7508 9477 13110 9664 4774 24676 24638 34967 1511 43019 6516 15410 5856 21609 30874 15230 13654 33751 8768 35505 11669 35844 38345 25333 20771 32302 1824 19881 33291 32734 3787 35337 15802
3729 72
29675 27431 35622 11302 6795 19268 4928 9115 39407 544 34353 13449 31746 18396 21828 26942 16741 23043 34342 27205 34002 7868 31756 23152 16659 25104 20509 18189 12591 34463 42907 31106 18472 24381 20367 1541 22195 44643 3643 32809 886 29656 41710 35952 17236 13388 30474 13650 29616 2634 13371 28564 40025 8543 30459 21531 36971 23139 7703 35753 27652 14255 13135 6230 1905 24695 7929 42904 25917 34977 35688 15886
1955 73
17655 9004 28916 2337 465 8852 13147 21168 35531 145 24717 33654 39118 30336 23952 16148 23936 42198 12801 25395 19966 11919 2542 40116 18252 17014 32944 452 7284 10276 41173 10419 33282 20832 33074 39679 24648 11439 25243 4545 29420 44293 14742 27309 25585 5198 38980 24584 25613 3714 25515 32369 1254 11991 12449 33843 28229 31283 23992 22872 3745 27851 30406 37211 21207 32148 18140 25909 23271 11046 36421 7776 4827
639 73
40036 9603 14508 38194 7461 11525 10136 694 12730 12491 32523 29019 32268 4309 38911 2505 33053 31405 20004 31028 39897 16340 26665 16616 16953 24320 10390 16437 1910 33101 5853 25804 39640 21582 13571 35022 29940 9263 42506 35964 6150 7571 3662 12360 14375 25827 11381 17916 22000 43534 8554 34371 6595 17356 21406 15094 27833 28533 4381 32674 14834 709 39419 5059 37427 6274 40280 28692 40477 42021 21072 8234 41536
2556 72
22363 39923 41595 19863 38656 14237 28249 23056 43033 37772 43826 23114 20936 29890 18340 4893 2920 25059 20344 44000 26302 40354 37142 9303 35918 41375 15360 39583 37493 32204 42060 6683 28566 8485 3587 8659 43658 3376 2211 19260 13993 19043 6527 29439 5239 16589 29919 32499 430 36529 38006 28906 32651 9318 29681 11518 22 24190 38389 22475 5084 29643 19398 40555 10124 34114 40358 40552 39584 9324 8449 23232
4592 72
7842 30574 10702 44566 37501 2316 24776 34435 18603 10780 10834 44278 10796 41255 32701 39356 43837 21664 7256 41588 3098 1747 26620 37082 24684 30511 21607 23035 25455 16211 32624 779 33425 5182 33786 12265 15938 21442 35615 22304 34985 35912 29702 10063 315 40432 22694 42709 4529 4200 28939 19523 26229 37845 22598 6606 16789 2109 44219 10874 43990 39464 38552 21462 40620 20618 10896 26378 2403 44414 21250 22141
1095 73
6745 13837 12124 4201 9255 3812 24235 7522 4077 35435 38684 27228 5622 12289 18349 14651 16132 650 41850 8379 364 4947 20399 37661 9376 6449 36947 14066 6564 6398 8676 41831 44191 5744 39815 40531 28346 1438 29051 14466 25144 8304 2654 7341 5733 20606 39004 11596 19781 37225 40463 6522 41440 40471 41021 3292 34179 27957 17755 26482 2687 39379 43871 18988 34288 32277 37335 27413 32640 28983 6490 18288 26862
599 73
21482 22583 30346 41225 22755 19425 40443 1279 15436 22031 29148 14242 4190 26920 5883 8242 17944 269 42429 31318 30461 6873 39895 16913 27100 7150 7126 21784 3547 40715 5688 33166 43259 3926 1891 39738 21326 33430 11018 18698 22077 20786 34086 10542 41950 601 9198 30270 42210 38692 20489 8759 33121 25327 35904 28070 36473 13090 9966 38308 42050 13969 129 29280 37638 31488 20379 42882 25316 31567 12038 36352 27250
883 72
20038 44409 39153 8604 26996 19794 44370 41679 38411 43841 1564 35326 25068 28361 44168 42717 24345 28562 9941 21923 15110 38843 2993 35960 8125 17838 24671 6096 33355 6249 25549 1397 20352 15913 6827 2651 13517 35276 23735 25214 30355 4379 40704 2988 14400 16120 13049 13811 38088 34691 24372 40159 22565 29066 12875 43396 41431 25657 28188 22904 24928 15698 36476 34119 27296 38330 34228 3252 36183 36296 4862 30839
1538 73
40375 38164 26992 28811 26748 38570 27659 31647 13267 36173 36921 38939 5023 5796 20009 29983 4858 22316 370 31942 36310 39588 24531 4146 27191 19873 30229 24789 2515 42525 18970 16188 24136 39347 9391 41163 1850 23198 13043 39554 25062 34195 30164 10037 14371 7666 21095 40932 376 6260 2229 32085 33549 21058 33087 34560 1227 26814 18752 11909 17244 17221 13647 39096 12934 37985 26746 6331 37952 19197 3785 9298 4743
332 71
4005 17280 12506 22212 36477 21877 38612 24222 32036 28759 6268 8937 10232 34568 21313 42327 28048 22739 9145 16478 13711 21733 27987 3003 43053 42507 8520 26046 35144 22865 20071 1411 25552 35715 9113 10403 18705 42711 1936 38358 26201 10866 39928 1949 7233 12574 31386 23279 9019 13407 9632 18133 27631 24767 6544 18362 41601 32919 16220 4318 27317 5559 42126 27222 22465 12105 6238 43585 31020 23030 18094
594 73
2301 10493 6560 20233 30851 28649 30118 30313 20746 16753 38728 31534 14392 35031 28672 5693 11693 42781 20053 44608 7984 12157 5848 14574 32964 23920 29976 787 26209 35093 31392 6974 16503 10650 40695 39917 10249 28977 25797 7834 22122 32754 31550 27860 33558 13482 8180 25795 33162 37878 17472 25800 22651 18620 8983 18725 34080 20312 21837 28643 19884 32209 40854 17300 21208 41793 30397 26273 2356 31986 3611 39402 39598
2109 73
31384 30322 34684 22263 18931 12052 23311 10052 34661 3372 43820 22247 33479 37516 10930 18043 12085 38769 22855 6032 42595 34581 22816 17430 42777 19725 11584 21744 10883 14326 43994 25867 28183 45 40937 40788 36634 35934 4049 41383 25286 29468 39327 26756 29561 32839 1953 15838 23050 10894 22289 43904 37757 4051 16067 42490 2190 5316 32668 16207 1437 4611 15324 11336 34929 13324 1828 29127 8897 3961 26850 43655 27336
2254 73
13581 10970 28498 25096 7198 341 21787 21732 18588 31330 23190 40968 32214 21747 22410 17976 23329 44122 42938 23419 33062 6270 9683 28979 19346 37204 25152 26343 22184 9479 11143 2046 38295 44620 31980 2183 43551 22129 11728 12546 18993 39567 11995 34821 17067 8422 1571 44255 41048 10840 24656 22569 12405 32262 34332 21541 44693 37729 31349 8298 36517 6277 35011 7671 28455 40152 6855 18759 3597 36356 20375 10154 12148
898 73
3834 30886 6820 43743 17288 8870 28553 32583 21405 10825 37480 2347 7936 2155 37726 37542 33235 35579 5627 41017 43397 29886 2728 32136 26351 3912 26703 41213 6212 23798 41105 29958 27620 18381 17277 41574 1909 30136 36808 42065 8439 1651 8112 21690 28787 31997 15240 30252 7713 17563 4784 9185 27899 17643 26040 24205 7494 38297 15381 19183 11178 17808 44312 13247 8195 39556 5991 19660 37774 21900 27967 42930 44625
1204 72
8936 38375 14061 27059 13959 38704 37453 35564 11386 24379 3497 13990 18499 9682 17275 2197 35040 35791 5570 20079 6411 26697 7238 34793 43544 19608 6168 18548 42644 19592 24019 811 6116 38229 17941 21429 40174 29772 6185 12485 22879 10142 19849 5952 42318 26735 27621 42970 41822 11090 40672 94 38173 17990 8311 15507 7182 27916 119 16145 32991 16234 12725 31444 24805 6796 17966 44050 43105 12477 37189 24125
4289 72
13032 16149 1682 7881 19782 38090 42727 37922 3379 27602 30181 9008 30910 4050 39995 42262 41864 30870 41068 17449 33533 36959 39521 1620 23055 26629 39996 31717 43389 41446 575 564 42708 15265 11012 38945 24996 4386 8369 21867 334 32893 1081 30924 1072 27229 22880 43622 21125 18266 21167 10569 1836 21241 28719 9166 29020 37336 10349 9022 18539 9041 15739 26185 19101 5364 30938 15226 28703 20051 12185 28605
2042 71
39490 31345 23934 4428 13274 3059 19544 31789 10952 17781 11845 26384 3075 12996 4544 19877 14449 16020 18454 36237 1073 2168 5203 16359 41308 6947 40175 18503 4789 29013 24547 36206 21393 35997 31147 19527 16036 22590 36428 18292 44077 6209 14015 17973 2675 5662 8471 5556 11768 38998 34452 12488 16414 18596 23063 44679 5771 18579 5003 30503 24161 6121 11829 6922 32450 28665 17033 20321 42558 22786 1778
3073 71
44525 1195 1701 6154 20145 43230 18764 161 178 40217 29335 20066 37108 43367 24467 6068 36432 18316 37911 5177 42038 3096 25442 19548 32543 30626 17069 8593 41280 31853 7960 28682 27611 31574 20105 26711 37479 5928 15084 30906 23938 31932 28067 38160 25679 32483 10435 27139 41550 42001 11580 34651 29029 17178 35108 355 21020 15345 4248 4993 27768 28641 10900 30597 4292 28243 36864 1725 8866 5806 28084
2041 73
38697 15650 4891 15786 21714 17140 17266 34062 29380 16366 22107 20182 36972 17386 31070 14778 29600 29759 5548 3236 37806 15681 6829 3901 26223 15201 42638 4722 10595 29112 44642 41242 28185 42496 41546 25694 29317 20605 1582 36011 10847 21548 8886 15669 44674 1065 3204 14851 9050 20203 31658 40729 31609 21558 15267 33805 36715 35727 95 7869 16500 9100 3084 37583 33983 15417 32692 16546 3631 41395 23754 32979 4151
1925 72
41523 11340 40747 30552 41682 26907 24542 41776 35687 3240 14091 38353 5904 29769 11636 13556 32783 23827 27095 37557 36563 12993 36879 24463 16514 15275 43254 37735 12792 42213 35370 22452 42527 35548 26900 15763 37242 865 37655 8812 30362 15288 38091 32522 28412 24184 29497 22489 13233 7349 1658 36792 41145 4238 11650 17334 23523 13071 23077 30454 35381 11681 40587 27715 379 15167 10304 29634 5459 34758 13052 12428
3761 71
33767 20454 31697 17332 8850 27898 29078 20150 29411 16545 22348 37936 11877 22424 41182 18329 31943 35751 43083 14261 23569 26537 38559 41871 33158 32867 8268 35099 41115 4733 1600 16944 8719 15336 1488 37347 35421 13760 27826 12266 31891 34632 42431 22897 15075 33680 9215 12286 41642 40193 28472 12396 29550 1784 19557 32951 4863 22165 3823 32047 16722 41697 11114 9042 35698 15160 26719 25675 35985 15805 32565
1664 72
11594 19898 9082 6804 3226 38895 4675 15078 44047 35491 38474 1661 40228 32163 41051 14370 42645 11509 42547 16561 7574 8478 22804 24686 2940 29689 30264 1203 24629 26078 25112 28109 35948 43336 34309 1814 34520 16537 7117 7912 23520 13111 24417 8551 41492 35986 32459 10207 14148 44070 15344 28402 6141 41798 29774 1310 4322 13501 34760 21425 11990 21370 36562 41589 9436 5145 29926 25300 20857 1536 36672 22109
87 72
16829 31580 1730 20590 1596 18770 41326 24268 17905 1473 9102 33228 39028 32873 14727 17011 19718 23331 14124 35107 25448 12473 31730 19905 11966 11551 42905 20546 11281 8267 39569 37463 30794 14195 11615 6301 30056 21571 3015 28752 28332 4596 25155 28364 39639 39553 4856 7206 32935 40276 43403 38133 11642 24802 36171 17648 12342 33937 15037 7914 44356 23555 16962 8919 32726 488 23572 19177 1255 26410 24071 25858
607 72
31633 759 33067 41899 30569 43369 31223 21242 10639 25990 27509 15352 15164 3202 27693 382 42928 28271 22029 2302 12948 28807 34574 34 36061 27736 7628 12670 1508 35969 10102 10925 16681 3512 23374 19628 31227 1191 28051 32210 23922 32496 13799 38496 24884 42524 4354 20688 9753 7721 6460 25069 22274 26187 20743 41851 20088 40863 42231 22133 7393 28193 20146 2019 18262 4295 37592 73 30723 20562 29830 18570
1293 73
20215 25006 14612 33986 12890 21109 5905 23266 19344 15036 8851 28578 294 35339 14389 32907 10678 14546 41144 7279 8190 7474 37065 8207 39142 43476 36573 14381 43405 15047 44387 12502 32190 22091 31910 16270 23763 7229 23819 5124 13781 27925 39266 2944 11042 29977 10492 13394 44185 16210 42281 44624 27665 2732 9659 21920 15501 17242 9349 6794 11994 16179 1993 34773 29707 4098 22564 2699 26133 25739 25758 16939 44244
811 73
12198 6216 14440 25510 8917 21162 34315 432 22369 12290 4185 10519 20626 19740 21278 25554 2793 25809 22447 14070 44702 15325 585 14693 11110 4023 10890 27556 31110 4870 33045 14765 21824 10751 39158 35277 20316 25882 32717 1987 33191 40510 34363 21993 732 27063 43938 9567 9094 20656 37012 10488 15564 23841 14913 38285 30517 34482 14938 26885 40919 13803 37530 37915 27394 41070 5750 42477 43236 6448 44108 37298 34251
1465 71
0 35316 32953 18210 34926 22432 7949 16708 39665 1769 16201 34595 5507 23418 26902 39924 1884 43270 20243 15463 18153 2498 20890 35799 31543 18155 8260 7739 746 14978 37706 41400 27188 23369 6731 14100 16066 30638 22203 12312 22676 20223 27935 3319 2725 26784 28083 33148 33321 41578 41556 12710 31748 31702 19210 22770 30900 4605 39316 31246 4786 16131 2162 442 7004 6930 4600 10916 14350 24558 13116
2036 72
7436 14492 10350 15927 40577 15696 22079 11906 41869 34274 36052 39239 29912 25079 14558 13053 23242 28650 38274 12397 18659 14619 30641 13782 3533 6442 30775 11818 40386 30114 6996 18794 32298 24922 11557 6045 35109 33361 15952 18282 31602 1659 20996 41908 18855 37476 41246 5915 6780 24412 1084 23334 42113 28888 33497 30019 20624 25566 30848 13735 23498 24995 12130 33250 4055 27597 26991 6252 28531 42347 16056 39882
1677 71
32905 32887 24120 17359 33022 7890 43636 31770 9432 39272 36363 1264 38824 34858 2650 9835 10294 9774 25588 42561 34867 5568 36762 29140 19366 42751 18319 14999 24148 18013 18337 14957 20476 36805 43021 29069 6024 33279 32349 11880 16466 8356 20871 1442 6233 26692 35021 37586 2248 14187 1005 15371 37654 31732 22024 18904 40108 28251 19374 14407 44405 4108 32990 39145 29787 5992 9714 15519 12459 42082 23772
3304 72
30637 11013 35740 37643 39171 23061 853 1220 17893 26588 24105 25222 41872 43204 10095 23915 23337 31661 11257 40173 29421 40722 29106 21790 43610 33577 35859 2277 5493 27282 42853 34404 32803 31551 28056 24101 22871 44258 18687 24814 10626 12747 37534 43383 39883 27182 120 33167 32232 12800 29844 22131 44352 15293 27780 32913 28791 17769 5922 12967 31859 17452 42761 13010 12335 9173 15634 30508 845 23143 28778 42016
1862 71
33398 4561 6826 1262 28548 41264 41800 33984 35217 31042 3273 42157 21017 40973 3442 20736 33437 27869 22453 16658 2598 29720 4706 20836 20940 8244 11158 11491 24735 18313 17592 2702 26390 24972 24662 9608 1158 27560 13682 36151 12403 60 12632 32959 40709 23127 36222 39852 41060 6006 16967 23740 17571 28126 8003 4880 2284 14144 10373 1248 37455 34238 16030 1404 13227 20296 30883 1754 12899 25593 17240
357 72
12195 9840 24204 13446 31736 18613 44057 16490 11424 7285 3359 21430 27735 10457 22381 32875 7511 2727 34519 30796 21103 13561 10280 30028 36927 15490 13040 26104 43671 21106 11055 7129 34943 16263 33209 31469 5373 43484 25314 10948 38774 29326 43676 22332 23438 40595 17782 27422 30339 14008 34799 34298 34636 7614 196 41009 26251 7950 17693 9574 11867 29415 22579 11508 18258 23635 43217 1692 22027 3128 37671 34243
1127 73
10962 28173 4289 30853 7232 22501 14257 40371 5211 27794 36640 38129 15457 17369 7861 12082 5887 42438 707 27713 20773 29961 44112 22484 34218 38778 31566 15315 32621 43984 17174 36861 995 760 29301 42085 23632 21817 41735 33094 31187 26045 3408 34676 5940 16586 28216 42503 40040 42324 35738 31421 7467 640 734 37630 17933 10022 15746 28131 30109 5488 35392 24495 765 5258 29220 9527 40140 30143 35479 43733 13520
3254 69
43522 2375 32772 38590 15441 20507 35301 28852 30198 35944 27023 22915 18866 28850 23354 37214 17757 27283 21875 15691 18074 25707 2410 14236 5165 17644 43697 19540 6052 42341 42471 965 15996 5027 32656 14890 28700 41873 43471 1015 4975 7105 7374 39015 44336 19028 20620 4957 31548 37660 32256 41449 22600 31380 35297 2805 12525 33716 36001 25393 24166 4188 1250 20897 33395 3654 27467 44709 34103
1949 71
35646 37818 43129 33739 30039 29005 22009 10004 29291 36207 19147 642 22903 39816 19247 33298 34766 22014 9641 39657 21276 6019 9560 35705 20900 5086 4388 4485 29162 34800 17338 29764 12862 14157 27552 24110 34289 25828 13653 14437 268 41675 13457 11067 17850 2252 21240 12920 10683 38749 6390 22921 8272 29462 354 24834 4356 23011 36293 39034 32795 26582 15100 29213 43424 441 30251 37401 29227 18795 6289
1379 72
20309 36936 29881 37561 18458 12806 19226 12876 23937 36689 25571 11503 20014 12959 33720 27703 10622 29727 41517 23261 34494 8024 20784 6535 12489 9333 23799 17985 44368 43588 31066 41386 35913 23415 10355 20912 35559 32013 8476 27268 1372 30166 30416 4138 26943 12587 37297 19199 33764 43822 39581 26349 22912 9123 30917 30191 34133 24496 12716 15570 39558 35581 31790 33369 9481 39122 37702 24399 21855 26776 5749 24993
1278 72
23353 23049 17540 3528 29386 22911 11537 39865 9573 37249 7493 28021 13843 19118 27175 22338 15738 23475 35993 6790 4822 31935 1142 11187 37733 32199 13874 17419 19612 25803 39026 19018 22890 42502 9692 19509 27522 42639 32869 12818 19850 1228 38471 33485 41995 9010 22282 34598 43899 8097 11504 23466 10132 40043 13988 42874 14662 3282 14723 8206 32923 38806 15801 28053 37667 10946 9073 9045 7826 14758 9525 37701
2194 71
8602 2210 3837 18052 14979 21686 40720 5800 43385 44570 19921 15496 24936 26129 3626 18242 6306 37161 44081 26586 28904 23677 31481 4159 35238 38336 9521 24446 4495 14320 20270 41323 36368 10411 43868 4452 3424 29939 7296 78 19053 43568 4019 37753 17182 3857 25916 44571 44274 15321 2369 7699 39233 35632 40067 43719 31539 11820 19 41324 33938 32745 35680 9062 42729 18409 16113 34509 43727 38021 2968
3042 71
4260 11191 35466 40191 27498 19100 5555 16750 28325 20034 15179 22942 42196 15922 42287 33610 32593 32480 16542 16258 31738 41143 14278 39374 5093 44117 32594 659 26303 22952 38123 25023 40282 13113 3043 21666 4599 9806 31423 25662 43539 31314 7925 14789 3972 43064 20978 19495 23288 25355 28781 18236 28999 22436 36056 36187 37084 34091 44491 22740 27082 39251 28995 3693 11823 33763 9553 26519 750 22286 1631
168 71
18912 23037 21542 35954 28749 35256 40878 14432 799 34648 7237 36593 3563 27997 38598 19791 5381 44403 28829 26114 17086 36283 14483 5474 38200 31631 25952 27570 19494 10814 17037 39031 36549 40202 9458 34783 43906 9086 26227 6558 35557 33563 20425 20530 21235 22236 23994 39661 43094 13824 27936 21441 26294 43419 41790 36124 32279 18957 4308 15832 43258 22760 3177 24550 12420 42426 25452 16628 17989 37001 21141
2013 71
12365 4307 16645 38711 34272 23669 24739 10520 26258 39744 9341 39263 33925 7568 1393 35950 32598 16606 23784 7656 23181 16770 23905 43869 40636 38065 13431 34633 16717 39580 20125 16431 44591 28550 4769 14674 13201 18780 6296 1160 36744 9831 3731 15054 42008 42283 34194 2399 718 20361 5598 2601 7249 30720 8553 43770 2908 8505 10247 41363 11922 6995 5714 3678 39663 26083 38703 31737 21683 23041 30129
3602 70
35891 3229 40422 17124 21286 26636 1 20272 12901 32048 43007 42312 8656 4869 24369 29275 21054 3294 11709 23509 22030 39740 42269 38175 9016 25390 42087 4126 26882 3076 44183 33844 14424 5620 3 11005 30807 19677 5721 8517 21740 20214 2689 22403 12089 4079 6368 25416 44388 28542 18614 44678 16864 36504 6341 14238 7328 42755 32364 39936 1946 40582 30168 44126 41288 25812 6091 27892 32702 35716
1311 71
29533 42440 24158 3886 38234 26341 16883 25740 5146 20290 34500 42845 22098 42235 27532 10243 7591 12956 20821 37126 21460 22693 7216 7836 35671 11846 17903 30782 26829 371 35419 22941 24568 31664 24994 24469 40830 16981 29757 31178 17669 3658 3388 43277 26412 22322 1054 11798 4815 6441 40748 4965 2013 31006 5536 5001 7956 1634 23371 1742 31015 30936 2219 6494 21394 16446 7413 8750 21471 21651 41452
3606 70
29814 88 19672 17758 17580 36822 710 21499 26995 26192 20630 10882 36132 39617 24508 12005 30629 33686 34941 34084 10703 25478 22117 14311 10431 24762 40818 23116 12348 12004 29530 33302 19326 33211 31923 9945 27647 44365 6225 39694 1344 23493 12537 5107 22769 12294 16227 38 23433 7742 19839 27232 18680 384 15774 42047 342 24054 27758 8302 35459 41373 4970 5700 22937 6609 6686 15074 9684 39857
200 72
24970 37884 18271 40264 31845 37723 11488 34899 30617 21765 36664 12581 2790 43748 42449 21447 28691 15655 11150 16530 23693 37628 28136 36335 31750 35540 41692 1529 43619 24582 5452 19918 17657 37896 33615 43957 30933 13182 11981 14418 34811 4197 13505 41091 39550 38488 8724 34335 42589 16925 35697 16696 3381 20866 12087 10139 21955 283 35976 3426 32917 14819 16349 24303 33224 7981 20717 35771 24687 5539 11111 19130
2454 72
36636 12600 27539 33370 1256 41628 29302 30385 6248 23205 21293 41477 32949 33256 10511 27579 28303 42024 11201 7598 23791 27770 592 29423 19407 5426 36346 2952 13912 8124 16611 31931 4746 15531 2588 15672 5946 33340 35691 28721 5734 6183 6193 1449 8201 8419 9203 38437 37183 40032 30586 842 894 36407 10549 24981 18184 15810 14846 35815 38447 14743 17077 26077 24759 18843 33914 32985 7858 43193 32416 36120
68 70
4748 26766 35447 1062 27959 10234 23984 34852 16151 40365 1727 13225 27619 29615 41267 29758 10664 20819 21432 24986 16819 38904 10332 19297 37609 36962 28256 32108 36380 8617 43285 32240 3308 20861 13984 11113 32135 1882 25369 13396 7027 36582 27819 28327 40810 6949 11771 21916 10233 26728 34118 28633 37188 23191 23320 20729 26214 39716 12523 31003 2303 21956 19347 4942 34862 33946 12691 14310 35428 40169
4586 71
37595 42077 29878 39360 27566 20242 20336 7109 28156 2025 27337 43626 31455 38568 4920 8087 8353 32856 22471 6987 20065 11359 39589 3411 37627 3543 43823 11464 17047 34155 34544 38569 31247 24233 25578 26876 34469 32305 33810 13308 25735 12892 32442 21427 31560 17012 30556 3762 44012 28158 41489 2735 23944 30547 24394 41518 18139 12271 40291 38094 32968 8610 18597 15140 24929 21564 43962 2773 12212 10225 17201
1069 71
40563 44723 18108 41968 31559 30147 43924 27360 23488 4908 972 11065 29606 32378 40110 11234 37075 24750 43609 25064 2158 15349 2826 28379 33231 30448 4374 39955 30739 4990 42949 26435 24654 32420 14003 23734 39282 20442 22668 15505 37910 31037 30486 6123 3793 16945 4431 41435 9852 8687 19605 9758 22265 16390 8915 18895 23363 7353 29499 40523 33949 10546 41670 22742 10627 13067 291 24660 27991 1014 32023
4204 69
27961 38734 40967 12580 37333 27866 30365 20531 20561 19123 20380 15356 30912 38681 895 10160 10754 41508 14620 11379 11684 19420 917 15968 42563 26663 5606 32986 11891 40574 25133 30016 37949 32089 32828 23779 8669 31100 25725 2091 4687 35015 7627 34561 28261 9873 6503 12699 4445 15849 40161 10279 24432 26891 44208 24887 5255 10301 37504 26269 23278 19293 41610 20260 14312 23005 14514 17668 13621
719 73
16417 29622 25427 43506 38122 27669 33782 21719 8734 22352 26447 36129 31888 44304 43950 19004 23559 41879 3749 42068 1861 34836 39686 12857 15411 2894 13417 27479 19430 14147 28571 11888 33859 16307 39068 23195 22257 42768 31844 15770 838 30824 10991 33858 44597 1899 26701 27942 6067 23596 28062 22566 16677 6114 39125 10336 24931 4828 19963 20907 26754 28255 23124 26983 21637 33011 32513 14531 24923 14417 42564 29501 34698
4902 68
14943 24202 27537 29294 28653 24478 39304 3006 34890 36717 11256 3865 27482 3176 39819 25893 26111 41171 5347 38803 35061 4391 25486 35145 3103 11000 6912 24969 41789 31884 41716 18568 22314 3035 3485 39655 37473 32308 16730 35307 37389 5496 38653 11606 18028 9606 31918 14720 17896 39529 33077 40063 18856 34455 24076 8395 19896 32517 3807 3697 1832 10284 4622 34444 5230 41437 26940 39859
3340 71
12381 20710 36160 17793 4635 29863 21472 12819 13641 22827 857 1447 38170 23570 9445 1017 38460 34324 30602 36490 317 22012 36261 43077 42542 3153 30918 4552 15250 21963 24014 19779 28366 20779 10480 12222 37613 3345 21527 19127 8933 14753 33322 36242 34477 41685 7597 21980 16798 17017 26092 16751 40143 30116 17953 26584 1247 36722 38158 22297 33832 31012 25476 12471 22717 37786 25503 6525 6918 39315 4632
4567 70
475 5439 44018 8164 41608 17102 43282 26323 30605 689 38929 7072 12174 24732 197 34460 44654 7941 3317 39706 13739 7762 13211 11010 44271 22850 24163 40307 21116 15762 29063 30210 17900 38303 11196 33752 16123 28827 5491 1904 34597 8345 35098 31510 13013 41297 16554 23537 31508 24743 22602 22664 40318 30734 40160 43248 23942 10288 14385 11159 22832 6031 15029 11862 14271 27636 15241 36131 38646 13593
4925 70
20232 42145 41486 35549 40320 38206 40508 34316 572 32580 38793 40380 29578 28464 24851 2246 13524 37079 41301 18965 23262 44502 14601 23172 24612 24900 5497 256 2524 33506 14285 12269 27708 36459 1146 10758 19667 14167 100 14707 26855 24918 39318 41933 23946 42962 26066 32270 18610 20711 25188 29191 41828 21338 14104 25787 2209 23243 31286 26401 14551 39730 6459 33910 10599 23076 17402 37165 18376 30872
401 71
34835 18558 25210 3258 40342 19217 21909 13810 19607 28745 17426 978 30911 3493 28511 30903 24081 34901 17340 29506 40024 9988 4836 14150 33015 11360 27233 20521 4044 8286 16047 1027 6531 25 30551 14595 9523 43382 28825 44499 31555 26386 41230 43010 22733 4801 26545 23675 20364 42873 8454 10923 7010 29446 10587 29551 4963 44594 23515 38754 35329 2669 7680 28441 34732 14025 26809 30134 1563 15292 37820
360 71
2218 30236 1049 42076 1307 5756 7079 3902 5891 4592 14813 4659 17110 13056 5408 27895 41855 33012 40519 15 14660 44740 3551 26889 13419 18910 32555 31091 38842 14688 36180 136 17800 24256 25126 21008 35730 36433 44633 7181 18121 32822 15215 7778 24131 23995 33255 41512 26877 41248 535 43890 32898 16497 24355 31047 38776 24517 42286 8293 32132 40970 34678 36611 23096 38891 36925 24769 826 27219 35369
3298 70
12041 8618 15879 13299 36589 557 4986 44471 25245 31410 2309 3806 9851 24559 25496 1886 27950 43042 40656 32725 3538 15079 39235 20200 32065 15566 4696 23746 8905 40560 4210 20006 6468 185 13888 26368 3337 29745 36468 1414 33553 14280 44450 974 1707 30935 13979 10472 41202 12450 27475 15015 16189 16959 28424 39159 31154 22187 32167 18683 12708 4029 35008 31862 16657 14705 25131 26282 19757 2188
866 69
23372 43311 30995 28100 38856 3841 33825 18206 17901 35152 24740 39590 22838 35785 38450 36442 44009 29850 19481 3071 18467 40226 38987 33408 2683 42017 14014 27595 23390 42960 26286 34216 39363 1945 40385 3149 36727 27785 28447 32106 28164 37959 2156 10371 33394 25730 41688 21473 12464 12527 14506 37260 10786 32597 32927 8527 44055 28362 30155 15388 1737 13586 17364 39328 18492 25513 31619 7717 1664
2112 68
24067 30964 9901 30338 8457 37118 44533 30682 15145 39177 30301 21752 5759 15272 41794 31267 17568 40446 27903 19934 19150 25388 5081 36999 26752 12553 38315 34616 4456 32724 16317 39954 13105 28077 9395 13716 1766 16899 7384 16447 18871 36298 37864 15543 39311 36193 27104 27129 31646 25579 18903 5629 16486 22909 24009 31086 1224 18215 22883 16064 25435 25230 41969 23662 38448 28123 6843 4258
768 69
23549 6892 33515 43068 39473 23145 39219 7895 7503 18480 22608 16687 30175 19766 32446 32545 16311 35084 21220 597 43186 4069 15155 13184 2705 28997 33452 26490 32910 3746 18549 14689 42381 13516 43162 14109 8891 24048 1710 32825 6438 36829 31729 16705 34109 29885 14897 3326 5454 19158 15600 19797 30613 23738 17556 10885 7809 10535 41251 2707 26449 17074 24859 23428 6186 44697 13012 23591 31441
1914 71
17358 21414 33540 9763 8086 19833 37676 32415 35440 17377 28861 27217 37572 23159 28917 16075 30563 9141 13337 6681 25527 15142 29457 6814 16684 25004 23210 16004 5633 7472 14611 39607 12972 38040 33086 23767 30920 27605 35628 21203 5301 43220 42483 42263 21742 13362 5065 33772 14212 21591 42891 14751 25372 13430 31979 8415 19949 9820 9583 43833 26256 36140 16631 797 122 27378 28031 7196 37646 37080 25852
2542 69
6982 34105 8007 7304 6025 39276 6102 14290 32916 30156 44066 9439 41069 22686 12524 19439 22052 10534 34268 13276 867 32804 175 5424 25106 44523 38192 26039 6575 41726 3284 12177 32585 14708 24589 1361 19906 16324 36782 20025 13433 19137 41852 32866 10417 32011 19769 38408 17875 35262 3819 17002 25548 17930 29126 28573 10800 41926 11564 20481 11871 39250 5821 20045 43557 17114 44690 9182 43638
127 71
19596 25727 22607 17428 21622 33530 9782 17029 18290 5494 31968 24982 34225 29700 320 1400 5860 32864 19567 7783 26747 18375 16187 18634 22101 33560 30103 39768 36592 6017 6396 14193 11053 41186 42790 26651 7806 34881 23225 4482 646 2934 29589 8096 42753 2247 34317 835 38900 9331 5190 461 29120 35027 40944 40384 27026 5934 5103 42372 25998 11347 23095 3422 37193 7882 40759 21019 31542 23993 30091
1758 70
33446 10533 16664 339 8282 28532 33735 20409 15286 33590 30087 42719 40231 11253 42649 29941 31032 41385 15678 3277 40569 21301 16850 3267 4283 13955 5272 30321 19225 33084 34546 4071 6863 40938 41749 24857 39970 4033 39114 42754 4580 3430 13423 26385 35122 25042 12433 13228 51 10787 42282 5376 21554 12354 38682 15442 36087 15954 2251 9499 38935 36420 13409 29282 247 1472 25992 5315 3274 8077
885 70
13129 43239 34347 25170 20744 16033 36071 39452 11905 2684 29208 13327 38104 21297 16252 15061 39049 29159 14766 44736 31461 43799 25918 16532 32982 27671 3889 28839 9274 13165 38424 90 40597 43872 37466 37526 44446 15249 5464 24135 31817 38879 37072 18239 27324 16502 39023 25525 3795 18862 26767 23078 43983 43532 10512 4900 42713 372 31769 21635 2646 36995 22481 27333 20637 6738 28874 27678 39778 34297
3125 70
14009 22444 19993 33500 39200 13278 27930 24108 24072 9946 20204 25964 26162 7412 43712 26314 16306 28005 36723 10010 31880 28140 1684 29906 32862 44011 15822 9777 19246 32571 25767 15403 17388 26102 21329 26460 15934 37924 42298 42000 5789 34801 669 33037 10655 12765 18624 21965 26708 41513 28088 37305 9630 32507 22421 7133 30302 34336 40072 18012 19450 20663 34081 42785 42034 3027 12181 34579 17566 36046
3220 68
504 30636 24577 35618 33129 6337 1499 31133 21859 9105 19084 12249 30735 27811 1617 28413 254 15773 41279 42344 33631 2486 8319 13500 39811 1171 3651 11810 18062 29908 30837 37394 6295 18793 9880 22803 24675 34672 35046 19641 39240 32177 43141 11415 41097 33242 8661 18169 31614 40966 41273 28313 26171 32648 10053 40019 25629 39225 24246 24965 38042 23178 20709 4797 932 22275 11118 12804
4093 68
28924 36526 24658 15086 21969 43249 34524 24026 43082 14315 32181 43442 16867 15435 13839 22616 29053 11673 27910 18925 16196 3780 17104 18039 16336 34402 34911 27954 1331 34083 32019 17796 29927 1515 35597 4550 26493 18622 32022 2787 15445 12486 5062 17333 9761 25031 21352 28520 19887 12376 17456 28878 26421 24193 17439 12298 43745 22889 3909 43644 3873 17294 44192 35678 27890 18234 19172 2899
3839 69
24519 34406 42953 21075 34564 33957 43255 33476 38741 1876 2690 2641 31668 22641 4035 34211 6149 30914 29627 17532 26644 31298 31897 32285 40960 28328 26388 37758 22587 36819 10176 26502 5705 26778 6908 43542 10614 5166 18989 37665 18008 38349 12829 36623 22083 38627 12625 41696 32961 33715 12205 26175 36279 39770 26587 35816 32026 21515 19313 29770 21663 16665 42897 27410 40382 32187 30309 3788 44341
4131 70
43320 806 43763 23018 6781 20607 29006 731 43323 7623 28043 5471 39776 17166 35128 17929 38240 28563 13859 8503 26352 13403 26466 14803 29979 42699 19633 29251 32333 39631 43110 12508 12589 4099 33678 21620 18973 21320 44019 8053 27555 43982 5087 5125 28644 1086 23177 14764 36907 15341 30868 16281 20401 20490 36142 33766 2922 30468 38099 24361 27751 21487 38689 21771 17853 31515 6457 31271 34063 5221
4921 69
4684 32456 25987 4245 38892 18820 3991 34910 10471 41011 5257 41562 19576 1865 19899 9839 24461 11324 34854 33118 24333 29293 13080 40737 30159 12822 13791 4213 25759 23395 15526 22987 44120 34866 32237 40812 11585 26694 21761 19550 9838 39962 3470 27174 13873 1349 39084 15320 27746 7168 12410 16011 35857 12345 34538 43402 1906 29101 10112 19063 20261 34166 6273 14382 31994 4480 5269 19168 14884
2092 69
22093 4345 21229 9443 34975 13817 26619 13126 41378 5830 1783 43714 25445 28153 9389 385 16137 9693 36332 27185 40733 11975 15181 34994 38397 15897 44016 29822 3184 34318 10481 19014 4921 21933 20101 14750 24301 5250 27644 39462 9124 14386 36569 20434 25113 39268 31722 41607 30690 42333 11963 43379 24199 11031 2412 25831 12000 26060 12889 13000 8211 22067 10940 36203 17162 8624 40268 16287 10545
2179 68
29930 41289 25639 1483 14276 44473 11271 43155 28556 40917 14726 11362 9475 3189 14139 16115 16495 19343 24673 12791 9724 18465 8570 24790 34755 34543 20586 24483 21312 14329 5123 39120 24358 44228 12937 38538 20382 9272 44027 14077 2696 8831 26376 25807 14895 31119 17259 9662 35332 33280 19301 9353 1009 28822 20753 27387 33070 42991 22960 32251 42726 31907 17932 37565 6520 20968 12517 31231
2952 69
37645 17938 42951 39717 3516 8722 10162 24756 3111 4366 3298 23074 37976 39206 1504 39048 2007 28683 41750 12296 23377 16590 15853 19426 19838 8022 2266 25354 24509 5726 18416 36467 35226 14177 30031 8532 16622 8192 25305 24188 31427 33149 42215 39484 17440 6053 6669 10138 30707 15868 18526 15246 9528 17983 18767 26873 21739 44447 24614 35480 30634 40292 32605 36319 8048 13323 32465 19102 41238
1112 69
1135 23166 18127 14747 2418 13651 22300 22207 37034 5279 8714 13006 7208 33942 15017 8588 14303 40525 15803 15813 18088 39108 20814 39300 2825 2167 24471 1242 296 10166 21180 30257 4342 42554 7586 37485 35802 6140 24248 27409 14427 13226 36012 33699 1978 9136 33931 41576 22252 7484 18842 31428 24991 2203 28500 10218 36294 239 9896 7896 35588 28395 23863 12169 4753 3375 15708 8772 6073
3424 67
38331 38638 21354 28628 23507 27673 33417 35793 12753 12620 32548 29851 4328 38226 44205 1713 32086 43796 28434 40809 42342 36330 17552 30052 5118 26554 8441 2147 6135 12989 16288 725 22134 26770 18994 13192 31290 27753 39046 26170 21756 21606 24751 18331 33442 30498 12717 13595 24645 11527 29144 5707 20279 43706 16233 1839 31870 4537 29929 32193 6726 23130 20447 42637 19416 19749 6586
782 71
26360 44383 21300 3022 5501 32206 44412 22828 7854 34087 5110 27318 6838 13106 41495 44513 36747 32396 19388 1869 44007 23431 38604 38594 18814 14716 19232 12283 38951 39326 38652 152 28181 1823 43767 14853 27810 5826 32189 1270 25081 15168 6332 9058 4145 36169 39781 27484 32300 2985 38001 20611 22317 19753 37954 11648 6139 5879 1513 13994 26801 34996 30774 18849 23315 3104 31733 26065 8440 8064 23828
1684 71
29513 28968 521 42375 9371 18708 43138 33507 21121 25225 41374 8175 2002 37273 38930 14604 41791 13030 38520 24109 20317 35095 11289 4820 6662 24245 24429 13219 42801 39313 42867 7685 30768 24680 532 11500 1912 21056 29366 36329 23543 224 44598 8793 9153 21940 39056 3675 18049 3122 29588 10448 34586 36929 18104 37790 41488 39381 35817 38840 33278 25007 1219 2550 42379 21864 38876 39918 22782 39526 41903
2984 70
22611 38068 10571 9415 4142 289 5440 37377 675 20320 10111 31882 31673 4020 6512 36673 1161 2713 38380 20951 39761 21774 41401 43807 34390 16547 18235 29409 41007 33616 13885 3395 25910 36439 34311 812 26529 25631 9320 25141 14876 15856 21600 20995 23963 18208 36006 14486 10188 19587 38233 4111 24755 22428 16847 15422 35237 19188 21917 41469 36874 10981 40031 9435 26945 20231 12263 38615 6305 5033
1870 70
36957 38475 40948 43910 37721 7850 7400 15328 29085 8954 1803 14630 41406 27389 11124 34047 40607 10583 7837 6555 11331 27419 37594 23283 11428 20659 17760 9811 21046 13406 30887 34927 10182 26762 8143 8182 15423 14738 43693 32139 43454 29883 26266 28800 31810 2140 5368 30387 19064 40593 35567 43553 17059 23964 30197 22695 28738 20538 5142 40686 38390 13574 43062 37461 1626 1845 24962 3246 34942 14793
4037 68
5057 16638 6734 28106 2087 24298 44359 22043 20902 10469 8742 39678 5706 33218 40763 37801 35357 25379 31538 37317 30216 21341 36410 24162 27858 33044 23231 43221 5045 11514 11913 31811 1675 25697 42509 13900 10870 36075 42428 32735 29254 36155 39189 41802 4838 6753 43126 1024 42452 3129 42557 22351 39422 9128 23471 20037 10187 23747 24810 2590 39438 8431 44286 24402 40579 18345 28207 34775
4 69
18075 33778 40064 5467 39338 21253 9533 365 20949 40258 42484 7029 9749 11910 34834 22125 26194 38428 31864 28789 17039 6824 36635 24761 41418 21850 16450 4173 42625 27624 33120 38523 8822 38906 17963 19355 1470 2597 42681 6786 33621 41263 140 3759 11807 44340 8999 33286 40814 16928 31948 19673 21894 41119 2432 40583 15589 32411 11863 32958 16333 44023 5941 15560 6832 20468 950 26683 14584
1559 68
20910 5542 36068 22104 3617 6954 27672 33759 27270 32102 27214 21243 43404 17922 15135 41769 24121 3299 40265 33314 11794 28652 32213 13474 32612 11607 34446 41034 24852 32463 7817 44163 24194 20762 22110 38976 16560 647 11339 30619 10610 44599 19748 115 36588 1983 21928 36690 15204 22622 662 32676 2462 8314 16744 25088 17722 26741 5487 15796 17550 16168 36860 28558 5797 35113 26143 2382
3245 69
33732 9509 38361 36143 25708 25071 15820 43063 10661 21945 29160 14190 28779 28192 12902 27075 33656 18524 31454 12017 18594 24709 9065 25137 36141 4337 1030 7535 22671 23851 2523 20103 42456 33026 34376 44562 38584 30030 41910 42148 38960 25227 2027 32250 41124 22080 13098 6868 17771 15780 28146 11204 7686 1066 38789 15532 43737 43406 33043 8761 740 1031 5993 23710 20017 2616 897 21409 36875
1805 68
1606 6537 25117 12675 14050 2443 39324 19859 30676 127 15540 27881 103 6943 26108 30450 39493 22959 34921 35577 6365 22983 22917 2762 20772 4203 35167 21512 4270 11715 42864 10103 32876 5550 20790 10453 39352 11576 23965 33397 15735 2490 33194 4945 3124 12868 26601 37471 34504 44086 16280 33488 42187 9705 7722 7632 9505 41428 12341 36632 11149 32626 13841 10636 6940 32373 41258 25461
4380 68
36402 29617 43008 39390 12344 22978 19842 16895 28409 43601 9540 43160 6620 26372 33170 14879 9290 27477 25821 42848 8212 23598 8059 22268 41367 20370 17834 17920 14935 26974 7149 17396 39384 23609 30977 37763 31945 1429 26977 10347 31903 10592 15242 4225 41161 1795 33801 42383 827 39711 9277 12020 9712 36361 25142 17093 26371 970 20808 24871 8299 41526 35825 30704 13295 30650 3405 14397
4795 66
9866 40662 22085 15354 29348 36328 5674 22008 26059 41037 31014 5874 10912 32010 18447 15979 26933 16509 17977 25292 26034 7454 41013 12315 11125 4834 25586 12032 18896 20665 14298 39874 18689 3727 6325 17008 42088 42066 5394 19635 34190 22494 5656 29265 14658 13181 40429 35610 26858 22933 8583 6553 14807 13560 18007 13853 1375 42529 16253 17711 42576 42860 38402 8845 9438 4136
2320 67
44647 43262 4052 14581 41592 43172 10078 312 1001 37124 28228 35970 23343 19372 8725 1118 12291 34984 43374 8607 10500 7902 27142 29944 34333 566 16648 33787 8044 39901 36538 31134 15219 43408 26483 26246 4901 37994 23168 9743 25490 3171 16063 26899 17772 38910 29260 14822 31041 9472 28726 25384 39562 17346 18320 29440 36118 2478 41024 40467 275 41487 38830 6787 11076 3480 22700
1936 69
44539 35803 35250 23113 41020 12037 5011 35748 10503 31503 43974 13261 10270 3243 31759 21802 13861 27154 700 43649 35617 11112 36914 29166 15222 23742 32243 30496 26705 19238 8418 30152 33602 12225 1313 32638 3573 3054 20303 29139 44691 12688 35689 38251 21839 42481 1045 28429 17392 5939 33594 12924 12062 25741 27346 41030 10993 24473 25772 13835 41194 36256 26354 23574 43695 12957 2307 40135 16266
799 69
38758 3904 42633 6195 44695 43891 433 24708 38207 40187 14519 35261 12912 1915 24741 18540 32835 2901 22744 39 4767 27404 13849 26141 16640 7407 35676 29573 31280 4355 9110 14568 40026 38983 33226 37652 37057 35231 11305 4831 5558 2718 7777 7523 20706 42903 8996 31442 23442 8670 23744 5958 33204 19767 29986 22628 3893 17458 19665 26128 40434 21630 42929 15939 19629 33036 20199 28538 24594
