112
0 10
20651 42190 72400 57512 27256 27975 22949 50533 16753 74158
1 10
29525 57675 66042 29726 12280 67132 75936 37514 25645 51845
2 10
72766 30713 74173 14451 44176 6997 15245 70780 10860 20313
3 10
50046 47995 15141 76230 32013 7776 22299 27610 26779 58307
4 10
3667 40901 26055 3215 1302 43948 6886 64070 24134 17697
5 10
11585 77276 32993 27472 65451 57416 56165 60906 50090 60702
6 10
7193 74032 22537 11000 38173 30556 17131 35972 12069 72281
12 10
13168 31309 68775 50710 69726 22504 64297 6748 1824 68469
17 10
50166 33179 73805 18459 40486 67180 77639 36909 72847 11681
18 10
73647 22850 49096 23466 35659 22079 73201 33095 11493 59113
22 10
24121 44826 77009 7278 18774 31945 18112 15505 12339 25287
27 10
25930 18048 26280 43825 71850 73680 31088 2218 4773 10166
30 10
8564 18302 42191 43630 17176 13449 41607 6679 53659 16891
33 10
14945 62182 9391 13649 54914 55126 1521 68338 9119 58910
43 10
50978 75317 23562 8771 60676 49094 77377 48978 33435 18956
47 10
51727 49582 32905 51673 2036 45067 472 13886 63582 29209
60 10
65668 75330 21276 15802 51952 38608 33456 36610 43037 23079
63 10
59185 480 42379 4464 64360 8407 21771 11608 21011 7422
68 10
26598 67585 2263 22533 7730 75648 50236 71305 50155 35578
70 10
42528 16249 30890 49302 22278 56412 2383 20378 71233 54214
71 10
21310 30112 1219 10228 61257 29653 23532 51116 76310 20387
84 10
33515 10326 56764 27100 9960 50095 31059 32063 40324 21751
88 10
54940 43824 20825 31341 37631 26563 41472 49941 3350 68849
102 10
11147 21891 73760 54252 46338 9203 19141 5443 37651 58088
108 10
68146 1743 7624 8971 12839 70344 44774 44904 653 2098
139 10
14802 68476 57136 55031 20577 47459 55241 31331 57395 4417
140 10
20424 49823 5996 27332 45407 61008 24288 53863 75439 38088
362 10
50543 9872 4073 67911 1904 59761 6428 69295 64106 51170
421 10
35387 46514 25750 34926 76428 10745 26107 73477 43509 11386
444 10
72396 37900 18856 21277 64295 17895 35561 47989 31107 52254
526 10
55917 48388 27190 50003 33908 6573 31725 52659 25767 34689
548 10
3209 4889 66086 54557 4104 41928 12966 58071 72139 77175
650 10
2724 1189 17266 74895 73652 64528 18346 67205 40173 23867
698 10
62823 6120 10206 20420 33710 50616 22868 32550 12152 20655
717 10
8053 44592 69966 58551 64619 50110 58816 49044 49386 22976
836 10
34853 6807 16726 35888 13248 3979 2300 74629 65006 33502
889 10
70390 21817 58013 41615 75143 60338 77621 43212 29906 29927
1306 10
48982 3961 17568 4420 20404 35616 25698 46148 94 4381
1330 10
7803 66059 49248 34656 32404 7063 71040 77799 41041 71866
2331 10
45510 36361 9397 29857 49912 20826 46627 52231 8241 33172
2443 10
19663 48451 1590 15753 73612 43736 54846 8504 34706 25111
2761 10
70534 25310 58277 34294 12681 9852 37887 50513 24377 19894
3116 10
9125 68721 34898 58190 6235 32111 41298 20762 38867 11962
3407 10
31529 28280 54938 3852 21051 14007 8584 69908 44468 68521
3430 10
53252 69221 6181 21721 64018 74080 37440 61825 321 27473
3757 10
1884 35031 40830 20736 70497 370 14485 2546 59308 49408
3988 10
39163 36933 29808 53360 50229 70467 33128 8823 16501 71838
5357 10
1495 20807 68024 77200 9208 75416 70265 30286 56821 67893
134 9
43826 17541 62251 53362 55151 33396 38023 72199 50975
996 9
6631 37614 69321 51073 30373 75574 55575 12419 65377
1894 9
9219 76100 985 15455 67649 63589 35393 40285 66766
3488 9
63170 16500 15099 19925 39310 15964 42529 32476 26743
3570 9
4236 1918 18444 42132 15897 73649 31745 68261 32919
4225 9
67044 17490 74446 17415 74518 8866 58573 9414 13162
4850 9
61571 9774 38220 58815 54265 76106 2585 37153 47108
4914 9
61078 34450 5139 41930 15050 3714 57201 5182 44583
5326 9
66236 52190 62887 57876 70796 70775 10116 34440 66246
5571 9
63390 47624 24011 10753 56589 59786 15330 54374 64161
8501 9
50430 36599 52730 36659 38710 21125 54669 23084 13437
9017 9
59656 63111 74862 10071 14740 42232 17287 21165 4064
17117 9
61572 30809 4845 55481 11414 2449 35838 4138 34506
22736 9
16159 44547 59997 35747 7449 35552 33661 68589 42373
516 8
56464 52980 68793 59583 67934 51001 6572 31761
628 8
34774 72863 6115 17134 10726 22305 18235 30801
746 8
70270 914 74513 67284 74006 11140 32388 18560
1599 8
9323 53253 71067 45683 5608 19954 27961 30873
4012 8
25355 29974 8439 7160 14635 76628 2468 71965
5674 8
74160 77006 318 36023 15666 19026 66564 2471
14750 8
15522 69429 50042 62999 21661 32015 56968 40140
21183 8
9252 10009 2765 74703 61826 16605 14100 45023
542 7
68604 66640 8307 4901 33466 37370 1401
2032 7
74005 4900 3865 49348 503 68621 46445
4090 7
37748 69644 7046 11732 35931 58670 4892
4836 7
71330 1844 21854 66234 63743 20239 47085
7268 7
12322 677 54725 70679 2212 76038 42069
7935 7
4410 46013 13762 59373 1479 70465 8190
8071 7
31289 76228 31939 71219 25203 17721 71060
10066 7
3582 42825 38434 24416 66152 27306 13670
20861 7
15160 13745 16513 61422 51718 22611 50558
26872 7
75096 69779 69855 62476 49855 29056 41517
787 6
53154 1199 67322 44830 21079 73737
4877 6
47165 35238 25770 52195 77494 65796
4953 6
15418 2475 30919 73441 975 46870
6377 6
61640 47318 51506 16856 65401 29240
9052 6
53669 1144 47564 75567 37595 14371
12404 6
12270 41301 40375 60999 33658 74982
13501 6
14022 43641 33384 31832 75958 69911
18744 6
41832 67061 21469 16340 7965 37379
24821 6
55903 5871 24658 61490 62703 58031
226 5
66532 76369 37785 54285 51562
2476 5
33702 20501 44621 56925 46986
4858 5
17533 57556 68099 8433 39217
10700 5
2001 14086 66748 47280 55004
15216 5
19008 54010 5176 66210 36426
15367 5
37861 30618 22816 62097 50509
25101 5
65986 32167 16916 15645 61656
1805 4
2904 12246 58518 6819
1959 4
26113 73140 22627 29767
2883 4
11021 51576 16656 36879
3257 4
33795 47122 24208 37324
7837 4
15180 5693 19580 55321
17728 4
43534 47313 22384 14839
25549 4
2023 31970 50640 70648
638 3
9678 59027 42989
697 3
71478 73261 40716
1091 3
5654 31323 12945
1945 3
8403 4035 50031
7850 3
35910 26109 34562
13676 3
7900 4710 63529
19237 3
74958 62123 29611
803 2
1723 44841
2777 2
14672 41911
