98
1066 9
12954 66109 34349 91657 11657 92526 92029 15056 85335
4542 9
58322 92842 69352 7641 20986 79049 78936 77391 45530
3187 9
23031 78990 26107 68908 34370 76764 45660 85047 13579
1539 9
16064 41030 30050 70187 28710 81597 68063 69357 87444
3757 9
76352 80289 60964 22200 11407 23483 12728 31716 47127
76 9
37955 19703 19597 35250 90614 23193 345 45414 89309
660 9
4827 76555 5091 5297 78601 24381 57234 33842 77246
6541 8
73557 81913 29031 84665 17788 37634 24633 94013
3080 9
78205 10981 36797 73813 18632 51577 35471 77879 96094
1937 9
72894 69786 8085 57165 59721 65811 51932 34240 30983
4703 9
84974 39853 75035 66557 42327 30026 47640 63658 63377
8053 8
60018 89816 16776 11826 8825 4614 50869 94233
2541 9
19218 36440 12750 38282 74875 69342 86642 22281 60067
2872 9
65540 89528 14536 16431 25122 64207 16053 49106 6817
2951 9
14981 94998 70640 5251 50810 9867 90421 91547 65949
12952 8
73101 8059 65708 20699 25466 55528 50356 79744
3992 9
82387 2781 74625 33616 90026 52851 36244 34175 23622
13981 8
69621 711 32141 58607 90888 92761 40089 83471
2171 9
46451 16802 24637 6512 55595 56699 27139 45795 10434
1391 9
59485 59423 4047 27597 75327 81646 69444 39710 34075
1135 8
19816 18344 49909 93222 17247 95182 16391 63052
5092 8
44744 5222 88063 22180 64049 29568 23036 59312
8368 8
72143 32903 74781 6904 59591 43505 49261 37871
14988 8
47088 58077 46260 28057 20886 80453 6667 14265
2808 9
21511 67050 42092 71236 69808 40026 65969 55056 81796
10424 8
21283 76839 48797 79545 62801 25795 33277 9567
89 9
49787 76940 43294 6548 27004 69450 30131 78199 40388
12741 8
9339 15382 64706 19993 39593 73191 2500 20411
4504 9
5283 25852 11004 36512 55138 34148 56712 17608 83494
906 9
16741 50238 76169 74652 12323 29976 17313 26485 51357
11340 8
52040 53354 31897 71153 86667 45404 5545 30218
8191 7
73946 13334 5362 92117 71159 13150 16608
2978 8
672 7851 84909 59317 75430 5048 24107 34681
1012 8
67477 25649 10287 3986 73342 29383 54542 70131
3646 8
51155 48553 6068 9067 19986 60850 28633 29044
2522 7
96030 6935 57516 80256 74115 53246 72299
2539 8
45723 57085 15746 55986 18179 7683 5934 52940
3868 8
71386 27348 8022 31129 66276 61958 53211 68645
128 8
53418 8482 87018 28342 78454 90098 53235 58487
4516 8
7172 22499 25947 40632 17720 85662 53651 79333
2896 8
39966 44652 17905 94370 73452 70351 24166 2113
2293 8
12386 13290 12955 46136 79691 33133 6267 89670
8026 8
71272 76102 2732 45367 23637 53404 95669 1774
4283 8
58115 12437 15607 68011 24987 5497 29485 19905
3685 8
66770 8241 55593 26587 71352 40483 88935 59618
4588 6
31330 50321 6366 62843 46458 43547
1572 7
84385 35585 47169 60583 25157 64188 22273
3847 7
7282 24403 32882 49172 54956 56232 66941
12975 8
87189 91697 40780 57437 86171 53904 95346 84937
13728 7
66131 46137 19921 49624 93821 29753 1561
2300 8
47616 69698 5502 15112 45139 86434 2153 78101
2190 8
14507 48964 92532 63264 5403 16011 70952 18797
8452 7
36368 6130 32737 66744 56703 82124 80674
1959 7
76353 83178 72103 91574 4906 23145 81512
3343 7
29666 64567 33288 93711 60236 75356 77258
6167 7
32583 1359 32139 53835 61533 25089 76478
2028 6
16743 41795 43262 31595 74530 367
9869 7
54595 11122 36900 37948 82486 57417 55034
11166 7
60095 79816 80285 81067 51717 94578 27420
4940 7
19394 60234 11950 13737 25867 8624 31184
2122 7
80554 19804 71758 94519 44561 90846 80446
2774 7
59184 41250 10817 35918 20771 68441 54318
10190 6
82178 22245 13595 54497 75455 25906
2380 6
69495 38363 61773 3229 41359 8526
3485 6
52623 2666 42146 73847 49156 31787
4215 6
93460 63999 87395 23108 88307 7930
1742 5
20833 40519 58226 60934 78277
9488 6
5349 27402 2277 66004 12552 25678
4777 7
42532 37445 5564 58826 33536 79255 12291
14637 6
65093 86357 63551 96065 92335 31835
10512 7
78680 5490 91725 53469 42403 10757 36061
2483 7
47971 63458 76487 33018 83531 50024 17138
5718 5
3760 22418 3349 60323 50320
1321 4
53744 38104 28809 63588
3463 5
3774 14122 84211 16999 16465
11083 5
46038 5387 60690 59188 33633
575 4
89417 73628 86430 5240
12899 4
87931 58399 57031 727
15405 4
21921 74227 25860 34585
10946 4
62111 5858 74286 50420
8677 5
90015 46383 82255 87726 79178
2112 3
38059 78562 55003
13937 5
39975 13836 4667 96040 7585
2507 4
81888 770 41050 69487
14288 3
47639 81651 51813
4575 3
3542 9874 26245
201 5
63519 94817 46901 56647 2138
14568 3
37693 25760 46417
223 6
22823 89027 92984 2081 69827 16614
5690 4
41798 8230 81299 31676
12687 4
27028 27122 31403 63792
3066 3
18039 81186 31510
4788 4
53653 19269 58205 51996
707 3
28707 4099 8404
1498 3
22951 85001 3580
1248 2
93738 9443
3690 3
88791 30030 12313
8027 3
68972 66580 2757
