40
1075 17
21383 86258 87863 23211 34081 25146 99497 9522 38656 55787 61518 66825 97689 51512 76035 43072 3785
305 16
63855 2319 82402 41302 47766 17496 63521 20647 129 96098 23946 77699 87387 65617 92420 50410
1227 17
5806 24481 18409 75922 24420 45709 78870 72226 71625 4455 73643 63622 19126 15327 66820 71123 18306
4985 15
34762 91237 19915 24208 54793 95361 35905 3837 84697 32491 42800 71594 63694 12128 49646
4082 16
78784 68775 28594 32272 71611 18009 22443 4593 75651 59313 97974 28026 86833 4812 4018 6812
3961 16
34626 82365 60750 29277 34341 23032 36520 38637 71648 49044 78839 82213 80605 72621 69270 87582
722 15
70046 9562 79708 32379 51175 3221 16409 47264 75444 59372 61634 80781 17516 21154 87902
672 15
40433 60904 82200 77052 44323 93020 50056 7827 45433 81016 988 90345 55474 34427 51273
1631 16
63616 14211 26564 2568 60386 77537 21199 19238 11789 15978 7734 80701 72684 42569 84308 58456
6742 13
17634 95893 56975 13303 63005 80273 56110 98095 55354 19536 97397 83709 69724
1268 15
86636 63113 77141 36676 16532 20242 82419 80356 8083 36957 6094 37486 52623 5138 14676
2164 12
20671 2731 92337 24111 54357 78027 21989 28461 62039 60598 21151 57943
3545 12
3806 43835 41529 63374 29113 96744 61044 98382 80577 93510 39855 62063
1363 14
8523 71651 42891 45572 68543 37452 48039 16931 4825 11505 67696 47485 29367 43494
6448 14
47287 5328 27884 79813 74937 81944 49214 65705 72483 22294 37605 67249 53407 65929
4879 13
26637 40364 7909 31738 7900 4834 67551 82130 95900 59852 84063 16980 9389
6533 13
40470 43042 19040 51775 2763 31029 30039 32414 34855 5869 73338 29150 1250
4686 12
74097 75241 15836 60713 20612 46358 94861 79965 22508 86323 71888 60735
6690 13
43520 32001 22594 78780 66013 90848 50602 83536 22871 54979 67258 59252 13775
954 12
39935 39747 27694 59241 52965 1227 85683 29614 62783 92802 32933 15413
4412 11
85656 84356 88431 55218 22889 54854 3741 46432 5544 84828 71400
4602 11
56915 95051 92540 34166 98465 66634 72872 74761 17357 14124 27359
6632 7
57430 75025 41597 50821 53862 42093 92718
6779 10
22464 94595 3060 80462 69950 8911 16636 54734 34252 11701
947 10
26043 29318 49569 99997 83495 50836 88717 45501 79320 61536
1817 7
97004 28361 79191 231 49329 86438 79041
5487 9
35743 50886 71827 45530 59630 27003 43653 45048 44060
760 7
60849 50043 67190 60840 598 73292 9552
1830 6
68155 64356 47886 13811 9283 16667
6546 6
74505 22437 37095 7854 83832 6176
1176 6
56332 3451 58347 52467 36958 71587
1612 7
72481 58317 22170 53244 83172 72587 7670
5005 6
15319 81731 6428 58271 85322 87210
5880 4
18551 9769 71230 53463
4765 4
69160 45378 71169 25109
3722 5
75912 3280 32320 30279 34755
1092 5
75279 3512 96498 48992 20702
4694 4
31423 15972 13305 30982
4566 4
39776 60981 87834 65652
520 2
75649 6032
