7
1053 324
46930 24240 128 41535 61394 59709 78645 58056 9283 308 46860 34433 91610 1940 47882 40649 46101 2601 45753 79589 62362 48246 39372 36271 30077 77565 26128 82573 90312 37684 12573 36063 80013 34376 82613 6254 2187 5189 86434 28455 14850 42050 41688 34212 37947 8068 80219 25376 20362 64599 54609 64982 66279 83496 8913 62217 61853 33853 37054 75812 86647 36676 26759 51221 22560 14088 66434 45512 88458 10158 20412 1141 56435 26587 7894 97946 44071 55661 42688 82140 98039 5289 66644 67154 15362 42227 90147 52321 67063 69169 15022 26174 65127 44981 12376 88051 17112 76104 6646 38932 19729 63498 2842 65905 94180 67772 74531 28288 98670 93322 27026 335 40896 63311 26614 20082 22938 58100 3560 10740 78355 13377 33985 31368 34905 20819 3127 36348 90467 98970 73896 3776 26328 36279 50410 71861 18017 57464 84320 90444 6325 62475 43142 69760 52052 77317 33670 95017 89738 37207 82779 90495 17769 50344 20546 49055 96013 23060 62728 40761 60769 61825 42694 70180 95617 68439 6086 88796 92142 79574 567 3763 90818 27394 77232 94764 68407 76219 89773 76401 54036 27640 58501 56604 44079 42673 62146 66133 98928 33737 88979 41761 37857 72161 37798 62281 48227 7555 89864 65706 83864 45977 680 18158 22716 93328 49683 82317 88557 72130 11837 35109 24272 78151 64492 52944 59670 4244 45928 20417 99541 39232 94490 54356 62726 13807 53543 6757 93357 64531 49688 8292 64442 77524 40637 18487 16937 1411 54366 86512 40130 77513 54510 81571 29870 85324 53285 55925 75485 80898 46030 12431 43615 93600 74003 20912 21052 38021 57772 69024 48202 98575 32437 54976 15339 80433 42730 59278 1159 21883 87303 45064 8042 44081 20924 37520 96111 20651 97072 47489 58757 34713 90338 95187 15602 49351 14665 76615 86038 51704 58868 63747 9433 60102 6754 59083 9335 39302 81624 54729 40904 37886 27335 2147 55333 32344 36017 62346 77065 22755 77639 12954 70492 81190 99171 26378 9815 22916 31008 5662 90795 98183 80725 54017
916 192
22271 47979 75548 27176 39291 73337 5276 91430 67854 11693 87350 47650 27294 76618 2103 31749 26733 89869 67875 82607 11422 65240 85835 6690 30998 52740 73794 54913 77667 4666 39675 12635 72328 7417 12146 84041 96288 88576 73798 19082 21804 47031 73408 29499 9864 17444 93494 26487 56839 93891 70649 53003 66681 60747 79175 70552 59359 83144 58762 66768 60680 37748 52345 73505 66036 83812 79129 81556 12297 48938 3817 38856 90472 86867 57441 95452 86320 88737 35492 27747 80678 51116 92311 37212 45805 67567 78927 21226 73214 9441 97392 5380 25618 35397 7231 64805 95966 12829 29557 67361 14323 3969 11809 29932 63491 50826 52277 22763 35601 37425 53624 15717 30107 10403 93338 91108 26017 90172 68777 93392 7455 38131 16769 65246 19557 79450 91856 20772 98988 56495 27443 75084 63199 75036 84282 39091 39693 99013 1428 17578 63673 18814 66241 36669 64543 71990 80038 64620 88097 53610 57228 52032 63086 38396 83180 95358 31742 6222 48051 10300 78896 98803 42564 65589 80176 69671 31880 60038 58144 45470 28507 27582 33217 57581 69445 10308 97656 95217 59345 86787 30335 72091 1247 10480 12485 18825 74490 92219 95440 49165 56837 42740
655 107
42480 69068 28220 81325 16217 23702 63875 8759 99122 37778 67119 19462 58155 90633 19138 23314 48806 63983 86779 8729 43021 77818 73393 81532 22335 94121 85417 40148 23074 44412 83934 36977 70363 32155 36517 76357 40629 96396 22638 65337 53473 67256 18820 35001 98974 26909 29308 50387 96401 17284 6929 81198 76088 1152 12549 33539 83365 75887 77764 83501 57234 57757 19824 1699 20138 36746 33631 18164 26135 67155 39640 82646 68192 7057 90416 93209 20636 58189 4176 69025 41775 17962 9425 88640 5206 23735 3038 35246 58859 6781 48272 22144 41458 28498 90641 27295 14586 33912 33454 86911 62593 21932 82645 51482 60713 17556 94897
967 61
12594 60692 3627 22802 90774 69053 96606 95588 45138 10347 72760 50815 52054 72209 23053 60553 56584 87095 61137 70441 89048 5320 69608 90554 92471 56996 91971 77194 2367 55189 1406 76272 50912 2839 63005 35095 74195 3505 88981 43996 15969 89933 35862 28248 83915 68804 81522 96091 65821 20477 91790 10046 64054 20066 52651 38998 83530 77555 53043 30943 59529
1115 28
82476 15228 26522 74854 42005 30187 22836 6714 97567 53756 74061 22255 83684 75498 56667 21873 15872 22381 95076 37423 27665 59514 85118 8787 84740 17574 65182 39747
1030 12
28484 54569 89098 26509 65563 56828 38390 62367 84239 82480 27002 50790
0 1
54192
