10
3812 132
26832 27494 17668 94157 94019 26467 86790 66733 91585 20286 23990 28400 46934 54724 72179 19286 30572 55 11200 29725 50942 4720 84750 58804 7666 90891 64921 13391 86257 93533 65884 46140 24604 87728 93942 21431 49062 29162 21373 60128 71805 68916 38594 93760 83427 42158 89073 95203 54381 79410 94606 68233 5927 31955 92825 59530 63547 17108 1980 49140 57448 62281 47210 98383 18550 80000 31984 18190 86517 69969 45717 69622 89761 57200 88481 59779 60873 85289 65088 71440 34364 67883 67838 84660 46916 66002 35264 3250 84904 60844 52001 69012 64462 5367 11060 8995 72550 71623 38170 61698 69604 52116 45158 51895 24432 50802 67173 18395 42570 24750 72670 65690 5190 78504 62074 78180 1053 53971 52535 26523 34046 80706 49683 22678 72300 49162 53218 51721 48464 83516 43651 33603
1077 109
78149 26099 74513 82930 57556 19279 83843 47966 19780 22853 46693 47193 96024 42631 83841 4298 17801 4164 13269 92256 65440 13950 47713 42198 5499 53932 9975 61348 63940 86601 43738 15673 56329 49230 67726 79357 47612 77475 21590 79779 24028 23559 7586 38916 82573 98963 59354 98880 82432 5638 94909 10882 14178 15226 49951 24402 16572 84715 26603 35222 4017 91195 30570 2933 23434 39003 96184 35243 21813 55832 31196 17458 37824 71014 61831 67583 87235 74144 53091 95737 40059 17938 91482 89306 93106 44242 89479 38191 4751 42474 57472 24860 75561 48936 38144 72805 66269 89974 93177 31906 9981 36849 92995 43334 68088 51725 80175 89043 77725
7157 83
46253 44979 36845 16891 27658 28142 93375 7761 34248 82979 49749 53980 44488 62925 11372 38366 21611 99451 44506 34348 5222 43365 8969 48472 74268 17052 80569 18107 43228 59880 41436 83101 88731 66610 18795 92828 73059 76723 3146 95550 96755 25558 23599 60328 72502 3223 31654 84379 41821 27314 29102 25010 64421 71028 63979 94115 41432 29237 14809 6570 45398 17229 20501 45042 4980 87440 85434 35925 88418 4398 17627 41017 37268 9072 97147 27171 57391 3075 2412 23283 56903 41987 47257
7285 61
28163 36785 82982 12473 93238 88788 41637 19877 33571 69413 44500 57515 67249 18113 79561 10111 28221 26377 44747 50321 20942 7770 804 50636 86789 45830 96824 74533 3737 20367 33144 52000 98743 33236 77329 58824 68663 63944 84318 29342 49290 96794 67844 41402 48091 84510 61428 87872 23692 48136 87370 84389 7292 16727 68115 73949 57136 88809 72421 53966 76589
883 45
21067 29400 86659 23683 30328 13099 10735 69537 63260 28566 42560 8214 55110 14408 84859 59249 65151 19399 52926 3523 60282 22951 71084 57097 86710 89120 91086 34865 16298 1143 87223 42333 12351 25607 95209 98868 30477 92394 9020 3800 50457 97140 90397 23179 71583
1800 31
3752 96503 9083 4026 45301 68147 3249 26444 48844 83746 79394 31629 43774 30972 32038 81721 23215 97484 86633 24111 56585 87629 42388 27697 6889 32752 98935 8351 62476 82550 17216
5960 25
65813 9314 41366 97721 68526 46112 6419 74145 49508 23970 95911 19960 71616 79228 54854 77480 86816 68337 87122 22712 42957 94729 49288 67259 32114
524 15
87086 14728 99404 45372 36525 92963 81852 95411 51553 90554 66922 51854 95415 79302 90613
2838 11
42526 2101 26550 26428 70857 4806 13867 65318 76501 28229 5292
5079 8
15075 42653 46758 12348 11414 22646 24711 46509
