49
3969 17
64384 39764 67019 34684 33995 5459 59696 61196 61486 89268 15213 38616 63505 19529 73464 19890 7391
6227 17
62047 55095 25405 97567 23204 17198 35149 14049 7394 97483 96566 52214 36738 1243 75755 11972 50643
3496 16
39214 97170 86762 67028 36959 87769 16270 72296 70289 51285 42169 30301 67033 48081 91979 28676
2140 17
56703 91692 34569 42282 41490 3981 50832 26318 40398 4041 8659 32379 41771 32587 32369 71167 92400
4951 17
16259 18054 5279 18841 18911 56417 40193 14907 36363 71422 81619 448 63778 42281 16231 24536 47730
2153 17
31106 98499 56320 13665 50724 69579 31424 2493 31430 49943 79845 59513 14752 46325 61102 43122 47717
70 17
3860 62751 59419 46646 50827 23586 32483 36417 35716 82230 79495 52013 77225 7180 8196 6181 21587
4380 16
7515 5479 26430 3928 14050 93640 21506 32220 76366 93327 22204 7575 70174 18378 55519 68935
7907 17
21128 31149 39922 53601 86537 75303 58746 7379 27074 93476 42100 11322 20133 3264 46406 5829 97332
2524 15
80510 34624 90600 27601 15470 33873 1099 30160 6575 30149 79228 13015 41063 26903 79330
4328 15
27813 81267 24140 40694 45886 74065 90390 35385 72920 49545 2285 63918 36808 59977 75082
2795 16
70575 34107 4613 74207 84868 93178 25550 69859 18410 49615 51171 86043 5638 7706 54841 4631
7721 14
16178 44861 15325 98753 92352 21265 76479 16528 50011 54934 71307 51329 15773 93371
3380 14
19605 98084 78144 12886 53903 7818 76862 54694 69068 68174 29660 86695 38777 51740
4595 15
29085 10259 32541 89894 79893 19209 47553 21710 61480 39226 49298 72580 5466 35996 43158
8935 15
46333 48315 84280 38947 98020 84717 59308 24470 55260 59461 91916 87866 92491 75128 86050
2186 14
56909 36661 10302 32994 86964 43903 47986 80981 1070 15855 52116 13046 30523 9328
2938 13
86550 72203 43944 11020 30090 27265 55951 94135 2452 67541 33965 51634 18111
2674 13
77172 23414 30188 40794 93109 16529 90433 62600 77183 29072 8451 32032 74327
4165 13
8224 60144 8007 4730 15313 38526 4600 23186 57771 49191 61444 39799 52177
7381 12
22163 44658 59016 22034 31244 60803 44657 42523 97158 63659 63456 8709
4726 11
2203 73817 68026 48350 56082 86528 45624 95167 48338 68273 77962
1591 10
56338 53715 28446 38893 96900 64659 88019 70475 79804 58414
1631 12
50120 93451 52490 94624 34229 76723 70202 90411 98504 66909 51873 59067
9487 13
92232 50156 63728 28688 2758 61543 59420 88994 69850 26818 44429 55177 87344
6405 10
80989 79641 90752 3724 94884 69179 29976 95537 58374 98710
7029 11
9785 6255 26265 82523 30736 51556 94875 44338 6667 67191 74893
4367 9
67142 80554 29546 73438 39282 44474 85734 66997 22284
6493 9
75497 29525 40533 60361 75590 75197 3479 66652 80242
3362 9
245 64968 24577 4778 41045 87324 11351 89603 61708
2443 8
77569 78902 32543 25964 67199 66153 18274 57236
7576 8
13468 87743 7813 91868 84212 12559 37564 3030
2951 8
20804 83092 37554 12599 11910 57216 32103 76819
7442 7
773 10069 68526 17762 29108 88098 1952
3713 6
77103 17472 76328 88059 81737 63290
8663 7
32192 14435 74898 27682 81052 83950 40810
527 8
61281 88650 39535 25501 96454 8278 50501 2603
8942 5
40629 74578 36630 61163 64430
2346 5
32958 12035 6337 9865 17975
9801 6
17216 18599 20548 3502 19898 81775
6484 4
35003 84637 60044 13274
443 4
80572 61722 96052 59202
3402 5
63959 40423 36485 66273 19437
7211 4
9871 21693 76673 38403
1701 5
32898 81587 53106 91107 35178
6871 3
68503 22903 28100
6126 4
57954 28336 45685 94260
2233 2
4669 35602
7 1
6937
