55
5496 10
3589 72258 44749 70024 81635 42637 32710 66606 71943 18445
512 10
41312 16082 9078 28538 22188 79673 11092 30390 34483 78999
14073 9
62487 18889 82743 47259 81317 79843 73513 35554 83710
1430 10
68353 57156 63667 52525 77550 48397 52831 52927 4824 20364
6087 10
24019 12147 35100 31035 46999 6880 14669 16601 16258 16896
10195 9
67282 13002 52771 81426 8796 33030 32061 71306 29144
4582 10
85148 48039 41695 11868 2192 31589 66284 58163 54969 74497
1267 10
77687 62766 34824 84012 69691 61172 83696 8523 76762 75427
372 10
47416 34273 33332 13969 34218 30953 1996 44176 40298 25746
2736 9
84489 15605 58603 14156 71988 17162 24254 73858 31416
10793 9
35549 75542 71185 44804 60831 8812 83582 45652 47887
876 8
26898 24949 67573 1271 10360 73239 46621 60447
3398 9
34834 26803 39427 43454 58595 76923 47269 58390 56909
2769 10
83549 33280 5286 11734 78898 52486 46855 41633 51752 18947
1991 8
71310 33275 39909 16815 21994 15429 63065 52517
3517 9
1932 79378 67745 1728 12152 28605 55045 81687 11990
416 10
5705 76615 78945 14443 76053 1699 61130 34404 44956 32644
7663 8
32048 8449 55545 79012 24756 82301 72609 48987
9381 9
23375 26600 52011 56873 69961 7325 75965 8402 71771
10943 8
42287 83345 19481 37731 61287 34203 34193 77344
9219 8
6099 7735 37784 68820 77726 69394 66043 47549
1935 8
66129 70523 74543 53111 41207 30931 48881 9233
3660 5
10968 81005 47229 21675 76675
2531 10
30194 46067 6176 28592 62821 72795 43286 74762 39942 38899
13513 8
26341 70420 71427 7710 70303 45115 28129 28543
1815 8
63493 81486 72377 5094 22677 66150 78272 77650
7297 7
76934 42914 58685 12654 83347 35997 29159
3486 8
44905 42274 39081 3114 13775 6714 43464 34482
1968 8
28177 52133 80396 32378 61766 26825 1184 7541
2597 9
906 16345 82576 31152 35065 1919 78555 209 59690
14830 9
7787 73801 40866 57011 5740 12966 11730 37467 15149
9558 7
68399 33658 10415 64224 18295 77400 57209
11150 7
70181 68463 47074 43637 48945 13496 49126
2037 6
51839 75652 8259 21510 27744 25843
6229 6
48084 53993 53107 1905 51303 43760
9304 5
12132 65715 68566 16762 53361
520 6
10200 4376 15112 22145 63106 80404
5113 8
46891 74990 30046 59869 65327 20104 45167 58819
5273 4
54607 48773 303 39184
4643 6
5288 84529 31075 42388 82046 43411
3428 3
47568 75014 3833
6200 7
16391 79612 33854 70337 14143 7487 58657
3156 7
47322 71861 41982 24664 42073 48419 19063
4586 5
24896 21109 3009 57837 60754
5408 7
72407 65499 63409 14531 81454 52285 34743
5207 4
81114 56248 75487 21311
1385 4
41716 54833 74944 10476
5378 3
33203 54158 39021
152 4
46460 73203 85076 49858
11422 5
6145 46710 6867 18748 6143
13121 3
58959 39662 10889
8556 4
68341 43282 28914 49370
3059 2
81102 21462
4493 2
49724 11067
6 3
25933 60173 41478
