24
4454 22
53507 14662 5745 38007 3195 47096 33811 46795 16392 57246 40250 592 32986 4643 2523 70874 47954 11407 52494 70405 273 52947
1111 22
71627 61860 28614 60813 70040 632 49780 35328 5872 36015 42221 35746 72034 6415 39320 8272 8479 31345 18752 45543 58122 38385
4898 22
62604 74054 46383 23581 39902 33263 1604 41509 26768 72824 18928 62046 23451 33213 69501 50650 55510 3873 26117 23537 16287 60144
2992 22
57203 20988 6611 56376 21663 29063 70000 69097 61836 20023 42401 66676 40481 54574 63462 36511 66446 67894 2993 58318 38724 7832
4102 20
62403 7475 10216 37442 75049 51727 18960 53654 18300 8913 61243 24443 13184 37032 1861 15366 35830 14692 49904 12388
6667 20
21019 51070 39431 42836 64626 55124 54280 35959 28493 57583 33991 31437 56452 22157 57909 41404 55936 51573 68354 60805
1147 21
42190 15812 34598 9705 60509 64608 17448 47178 63331 67006 57219 55562 18367 44117 72512 34021 61675 26427 20323 51244 51042
6309 18
43802 2533 52921 71762 1872 25396 17311 28338 70115 61820 38354 29633 13951 16500 28139 1878 24192 29632
9039 17
15179 27154 19936 30781 26743 41711 40033 46901 28615 4909 33117 46860 66709 37747 68647 53967 20682
7983 15
4365 16073 23667 11498 37506 73306 61877 53192 44503 28173 58310 28197 31111 33907 38071
417 14
19553 71373 40291 64653 4103 4465 43938 67135 14671 35255 46755 39430 11447 20486
10317 15
59416 62117 24876 19641 73758 5364 11094 32699 4373 21447 57247 60221 5501 35600 25526
4053 14
56631 3997 19019 65440 59643 22537 66928 49370 69164 61250 21215 29912 73347 39203
7404 11
14674 39003 32212 31921 9200 11968 34650 13545 40338 23458 63145
6603 11
22627 33551 15629 32746 56297 47458 72076 55025 68364 50362 35735
7288 9
21356 68698 68408 16184 46278 28187 50231 71202 50418
169 9
22667 33809 9288 50994 23887 5903 54599 55484 29242
5120 7
38324 67692 58492 28336 22153 41348 60058
8849 7
62166 19363 743 66252 39675 43353 29041
7747 5
42222 25867 32897 58784 65126
6834 6
13243 36673 38728 71461 68962 4294
2717 5
63368 16411 10247 65758 57999
2371 3
73555 74208 60573
9454 4
17077 34962 72458 69715
