15
344 156
57116 97487 22112 86621 29426 39445 38227 45052 53407 85348 23293 28718 5317 37109 92318 70053 6283 2898 65803 73272 21650 82754 49203 28273 17674 44100 11934 59490 58645 84969 31570 85603 25884 40016 12527 77978 4859 74818 45553 8345 80041 95880 18984 17594 74173 70846 77014 77733 41479 4104 99627 55678 11009 70658 57452 62613 95725 78109 72704 70239 53965 69192 24990 37159 33010 29749 18647 73066 54418 64670 38857 65870 36815 12563 18003 63436 79855 71956 22003 70561 24653 39269 9773 91712 39116 31419 472 51482 52003 1231 56063 31177 64657 50406 64528 74588 39396 12804 84976 7199 64645 52484 47684 41854 19017 68572 30408 21888 27594 26095 1162 88489 71853 76579 20659 42628 21769 48322 15257 53193 23085 81125 45420 74311 97321 23192 77544 53219 26253 33761 62242 29582 95919 29407 21778 8587 6884 82739 61635 46444 13382 78512 20131 31885 51577 36636 4806 37345 2738 3293 27682 45123 57604 52713 65546 74933
262 152
89841 29443 7255 9261 56178 61568 96676 73561 12756 54638 25382 11232 44992 75220 64765 53787 83002 26798 8796 47097 51032 21243 27167 8853 41056 27824 45309 51146 28281 26756 18013 23158 56114 96008 69980 84994 30437 15143 79033 14790 66919 75423 79199 91764 23444 86167 33682 52167 33951 10102 72688 43397 95108 71935 98357 8239 74375 61920 60101 32729 35495 71537 89628 29472 28341 94525 59513 65919 48782 13182 46622 22819 29356 646 70010 88370 15716 11839 8505 88895 7298 38310 16119 15076 18744 88506 59874 84443 30100 85024 98767 89918 45491 85792 97423 69184 54064 69132 38844 9618 2509 74756 61059 24336 24978 98427 82920 58584 83883 3545 81095 27973 24425 5618 45310 10808 1535 12568 62500 43373 33298 15188 62376 28489 12084 61048 89139 24536 30930 4043 14595 44816 26931 48796 27583 10764 65655 92552 9 41317 98401 56125 95120 63837 46499 82077 7769 78416 72814 66855 12266 80027
182 148
39814 52234 10125 65207 72614 19172 24764 51793 89714 9697 1784 6968 96641 63056 97684 71301 85610 51501 20765 91359 37411 23115 16223 77639 7846 76207 90415 30800 95757 37277 2821 32173 38580 75600 18871 84449 40107 12001 68799 22815 23054 69595 44537 89064 61454 8652 36488 55143 99376 96491 23185 92814 51002 70989 22745 11537 76109 89058 10931 84770 91288 78819 90156 16787 96822 86070 73087 76788 21857 23153 24062 86929 11544 37213 14671 630 46462 35637 19643 18868 87499 23738 90818 99774 55572 8295 14281 69056 16349 45911 25437 86870 9794 54615 2651 20718 56629 68414 20499 28517 11510 51538 42474 34978 59788 48929 69762 41466 69022 94084 59057 46502 37997 26010 66508 8033 29976 61324 77981 25381 66652 24745 56243 94948 41204 75353 63441 74038 83435 94995 32468 97435 8840 21833 43491 853 43478 15190 46402 41361 67572 26887 16345 32642 63606 77549 80949 70897
278 144
81623 22620 52289 64396 40393 1977 48642 65813 39003 34380 44928 61762 77438 49185 37608 17722 71669 38491 9671 69312 41135 79708 33611 25506 76822 76568 17868 41531 72779 36840 91527 98782 69528 61561 73165 73262 73439 24107 3646 13365 24361 11016 25840 60452 26147 37214 60284 96089 20425 69523 50654 13374 60197 94976 83202 58637 27902 40365 66047 48305 63908 47516 20366 50891 9406 39013 38640 32523 94259 99741 18106 17206 32988 40698 3832 16096 37474 51709 66253 6584 48993 16928 25575 8181 49630 85436 85828 37216 81699 24816 54988 13177 31384 7381 14211 16761 32966 64659 5953 41463 48547 146 44526 35047 81624 17201 66759 69445 47351 12210 38328 13748 13070 98611 55893 59550 70186 18191 16217 63219 16522 17496 79863 24238 86212 68272 69293 98314 52250 63500 819 17473 42293 52750 86468 18416 94951 36680 82359 78682 52547 22351 92433 38308
778 140
76193 99044 73117 43244 93221 49454 69759 53971 15645 70768 18559 9396 51749 19690 22919 23255 70310 92703 22878 93226 2609 36140 72802 20357 84158 96024 57906 11745 74186 97998 27559 31343 29608 19228 65300 28363 54295 92350 60926 74939 21569 96248 78539 51348 29501 81969 28064 5329 75738 46921 4162 14724 23638 98655 12693 383 28898 70377 49134 41450 17098 81298 49161 28084 43209 70147 46001 30869 90148 43315 16409 35585 88251 26440 49584 31258 50796 34567 38153 33233 33888 90665 16260 80905 75610 31826 7581 45465 12246 18839 61411 63382 73152 35838 26418 22338 48746 67144 48455 61871 41756 68575 27356 57288 3303 36556 87199 13305 74304 50497 36160 81489 61441 3917 32493 21521 98634 29094 49322 92565 61126 18160 88255 49731 54578 16658 83048 94082 95830 84725 73535 76995 20146 26414 2071 32832 64147 1364 57810 31908
491 136
81301 93 84897 22666 72639 78867 27890 3623 78771 4129 44129 18098 90860 16743 52694 530 35280 7063 12766 1988 58122 34153 52431 73971 28168 28379 65441 70308 72595 72489 78048 62765 48013 21571 49545 55038 74696 51256 95913 12967 28053 45439 89674 27927 75341 92988 59291 65733 199 19677 93663 20440 10367 4760 62950 67284 63964 86074 60252 72731 12150 33465 33058 1293 96697 97614 58895 53834 43669 36045 87929 5203 77814 86223 89659 93588 54938 62214 77208 37073 43642 99242 61149 2746 23899 14134 39521 43577 35561 74394 7393 56702 24630 71487 99476 47723 26267 35164 30269 17850 92787 64277 69954 52891 22336 45504 7922 10958 72852 60949 55956 33289 38442 10619 14463 83028 80189 28280 58688 72676 79845 32860 90264 25504 63525 27514 15419 57207 95010 11051 95022 47817 25007 91836 78879 90196
675 132
79614 53266 78936 38728 2672 6099 41743 14277 19568 63886 3374 94054 2629 80248 82365 51711 18700 26793 50560 12119 63331 67050 18848 40975 48248 18306 68543 80191 36092 13167 14776 57910 53691 53083 96271 33340 84972 98576 46544 50823 87668 73493 96372 68062 77325 76112 17188 21730 12067 92994 37701 22200 60763 93593 2252 97633 6233 84482 64492 94749 89137 90105 6755 55105 45284 83401 60977 57696 95021 45228 99884 79683 61830 96975 43765 74929 94277 69282 36372 216 92812 4223 85004 79458 20152 61374 31452 69427 86213 48544 55149 30072 66148 61810 69591 87417 35316 6209 33875 70770 39800 22344 49027 34819 3681 71898 3347 74759 58829 3158 1127 35960 48837 44306 97141 26417 96376 24340 35655 62579 772 18919 54672 60639 47529 22310 94744 46079 78688 44074 38040 30300
348 128
52965 13935 38945 10529 32353 6716 68350 22024 80609 79362 87681 48241 47345 49304 40434 58390 70807 17856 80768 77490 50985 17243 26747 73903 74659 82729 56400 52043 32203 47137 11412 11074 24228 21965 55808 35266 40918 47177 45661 22740 32727 51861 42532 22385 81904 34583 81046 84386 80660 82230 18862 29715 65969 91886 76894 45541 79852 58893 13595 13899 41396 65521 81756 32763 81894 87122 7693 93079 74517 61959 99609 67113 85424 9753 48179 35456 88487 62065 79331 36521 28586 50527 12861 37188 69876 60399 97800 33059 55575 76498 47641 33215 50821 76538 89016 35787 23686 50619 71620 31815 71996 16385 38610 23297 19607 27091 80546 11310 41805 99227 2385 19128 56052 73642 35444 38143 28357 86995 97039 63639 24251 60661 40441 65069 18554 7011 98068 12320
330 89
17336 43291 27635 45249 24979 85309 9174 49043 60080 58048 74277 91 67114 19396 57375 56552 80156 25689 34746 18895 8972 82981 88633 45931 50643 67000 73886 9833 84174 95655 79770 90348 82782 70941 76963 49097 7559 73086 10543 68755 9365 36589 41287 87357 82791 93061 42231 14254 96971 57840 9624 9649 94141 87341 49927 24940 99419 60822 72352 14604 25136 34826 18078 25672 32260 3893 27430 25248 19281 74342 70854 23181 36525 95345 59120 44833 47507 19862 97597 56392 5263 99645 191 28146 92760 43734 8798 30863 98012
470 59
59424 20687 73963 70924 86737 17232 12502 12213 43419 30896 78599 44156 77507 27023 2307 46196 66648 29527 82940 90093 59204 19056 46889 52620 5763 38670 28331 23596 56154 21796 43997 7661 96074 96472 82371 89445 50329 95464 45427 11078 74752 24422 57107 51772 13962 19681 60867 51244 26101 63334 4820 10779 78376 94661 52186 72176 25426 90886 6593
745 46
58475 671 16396 50524 38641 27879 55353 95858 11864 53065 54742 43217 27623 71397 83110 12733 32270 6262 77562 41896 32081 37294 1285 64722 40008 7094 17059 83979 84285 96681 93542 69640 85690 58595 96680 40954 56680 36249 67305 34002 62008 44934 34760 9196 68307 16165
54 23
32499 19511 34290 32803 14677 74099 26470 78902 58650 22875 97916 94524 93058 24265 62011 51310 18655 23073 94486 1419 80130 21474 36038
612 11
87506 18066 3384 73174 52875 57617 60094 59943 72359 86509 17705
791 9
93970 42369 62298 43033 39498 51801 21032 4021 44378
3 2
31408 47157
