8
213 198
26566 80776 82278 23468 35412 3551 29754 12220 55185 5809 47761 97023 18734 88629 7941 46600 34205 66834 53248 5043 77800 5229 33722 30902 38670 40182 93587 41967 88589 90210 84464 44048 64654 52737 18458 80290 67368 54024 42303 53353 12187 73499 26432 94526 63320 5599 26880 48962 33517 81811 28629 99006 65579 99897 29164 75075 29841 39110 71150 13550 55777 88236 59544 94960 15039 87857 65139 3321 47240 33623 71854 32336 50128 98187 28472 76995 55464 88102 14907 72193 13055 65522 28048 14123 85755 55993 21149 47090 12 56346 43020 20634 13724 18604 57155 4160 60423 33799 76265 90862 88607 14418 32247 20878 87960 1273 84425 23282 14060 47931 60929 86 27540 14775 67637 22535 85703 97248 47574 58869 51791 57576 56284 57039 63110 739 38920 45940 82111 87426 20688 7459 11840 48996 25898 75278 33869 47390 80346 36464 20334 76895 93528 6307 48723 28580 42208 77391 9528 27438 61822 82029 86642 951 22888 88762 98298 91512 36720 74045 4450 81551 61574 66320 63021 12918 19834 68319 38284 79823 22606 38638 37123 8891 39301 81387 75060 61223 59502 81398 4803 48957 80671 46860 84079 1467 32476 28091 87935 23286 91536 14922 65506 98296 74445 30574 95267 62406
1090 144
69010 9869 89301 35841 73526 22466 3163 19332 49808 11510 68404 81302 69096 9615 9451 24258 27871 51039 36810 169 9915 70896 11186 98338 4561 47232 16 87403 75720 8253 63022 12087 9020 93073 98237 32682 98496 494 50278 96251 70183 14386 50995 99892 9745 82858 33442 44498 25634 38118 57149 55783 37400 14746 12659 68828 35264 86450 13609 1886 20312 47115 76543 82770 17506 9306 21290 20760 33423 54263 77992 88671 18839 96886 87207 98516 96709 31691 33917 78972 65984 89247 53061 77966 68942 75280 59437 75597 35749 25101 37430 23494 90280 49636 60003 60424 71462 64701 36153 19227 67285 19248 13697 5309 86662 55300 32074 6640 33717 48501 72932 90242 83355 459 62075 2231 40129 20446 88289 76723 6111 43808 92421 1454 95493 92460 3120 21585 21482 54553 476 39991 11690 74602 30892 49338 22216 42848 21945 78662 4438 19057 80679 77026
4333 101
94558 69956 4568 81620 39209 54554 16799 53552 41534 35108 93995 20690 46132 2235 82543 89580 52652 68870 24558 7860 24775 80285 71233 10819 90179 54088 43219 27617 52813 81321 85088 85026 68674 32774 13075 41012 34677 9607 46314 62106 86601 72769 21244 33466 57556 89497 67909 81381 30204 48639 48987 30976 98930 85971 68512 82302 70000 24823 97951 39417 43229 52971 53054 51765 88062 95037 72668 34753 28133 72136 89464 22019 15203 7124 39853 25756 32638 72124 92005 57479 79493 41487 61182 35286 35926 92268 72209 23944 21384 50471 97618 99506 65426 10159 46916 26501 94647 1340 60097 31876 287
3418 62
11974 29877 92403 36944 64055 90002 87985 88503 96781 59999 64833 74992 43499 53315 26633 85731 12023 45279 98785 39129 30992 50704 85003 50674 95446 18282 95818 23169 88841 94297 89626 40999 86333 79592 84048 82446 74606 62297 22841 5064 41239 70481 93867 93525 89409 92319 76340 90461 28381 61308 86743 89161 54650 69307 76096 74931 44320 17413 40521 5967 49048 25107
4116 47
24718 4615 61516 79476 28090 75739 95004 91559 37527 82098 97826 47662 94365 22341 20085 50624 22233 51938 72601 4394 76926 27321 803 8980 83677 42326 35148 29929 25895 73852 94397 36788 71466 71507 41453 43217 20502 44364 11152 15302 25902 10532 5384 9739 95095 51883 63594
4123 29
70081 6914 96495 4231 49446 3457 86103 34108 76971 75429 45951 7532 44070 18394 64984 86307 57343 89806 38967 12713 79112 39887 50354 76748 75861 72476 2311 99915 90733
1519 15
78035 66012 21170 11866 69550 30185 38074 46776 83321 43193 91937 41145 41046 51122 52402
2232 7
33728 31261 56582 45999 30798 65167 88638
