7
0 43
49835 3673 35741 73077 88959 27257 64184 6834 20679 10316 65916 41238 21118 96896 990 16959 60228 52154 78143 54831 56807 36962 5866 16961 7736 63396 97585 7298 32646 18030 74003 4 5796 41149 583 96103 1289 75995 54612 1686 17728 73064 55060
469 40
7849 81653 56664 15918 81327 94988 80999 35233 83084 92801 37081 50878 75759 6374 26908 1640 33322 1342 96361 25868 18321 85056 61688 24140 11662 25827 17884 14795 90344 68765 5216 4920 77343 12275 47144 97005 11582 4927 89527 25853
723 30
33874 53981 5808 93744 83320 71927 35891 17779 69855 14801 24204 84661 24694 92660 42062 8200 45539 23981 40978 29212 95038 45134 68874 93825 68125 65083 11632 463 33713 5692
1073 22
64581 75339 76849 5627 68088 89469 76869 84017 43925 97180 38161 59880 59063 44591 49036 66993 84528 87130 45201 82849 64276 37608
512 15
33970 7507 2475 39703 16950 25807 36308 26092 32749 86529 11265 85879 47911 65415 14379
25 8
45197 48468 30874 45425 10787 69155 17535 17194
31 4
49299 89295 50718 70559
