41
7709 124
44522 85143 34928 5682 73554 35150 8309 34832 69308 11663 1849 43424 37052 9157 248 69303 51107 69607 80863 20029 78142 37484 41006 96986 85177 33770 66954 46280 86488 77751 52193 96493 81746 64638 57963 69094 85762 14198 66204 21346 92128 37394 60782 18265 9255 70614 71016 74230 35777 61526 12420 14519 80973 46736 32029 69886 64070 82609 22294 93993 82197 46523 51671 52469 80693 63580 75479 7820 40096 74139 63389 85111 62505 51100 4327 11299 20436 48018 49368 94500 52514 28561 14782 23259 53012 77423 4020 80983 52690 82483 91742 36393 48211 3933 70630 92378 46873 39579 34297 2088 72821 79747 84687 15871 83156 95579 15145 41677 77768 45757 71922 57745 68434 53709 35279 163 69923 93256 65609 86291 70281 49726 23608 88614
1053 125
85343 97544 15645 92572 78840 80422 39744 23478 92600 83989 20661 9859 39470 53239 63952 5376 48601 50761 71810 32545 3180 23947 69149 57555 21097 32096 69796 23783 50203 18457 20879 22472 70732 25421 10490 60734 97728 90303 54868 99192 95953 39285 12217 17118 39265 742 36513 11091 67717 61483 66917 75158 63460 46913 64639 1653 75799 11352 66011 67783 60878 86871 8527 70257 27668 69707 66015 67734 96486 95299 7149 95725 66894 14752 30065 93356 10875 20115 32984 96354 20685 62528 92553 91909 84287 57084 73455 47311 72816 83822 55861 79810 90190 92660 9930 51244 12191 23909 44603 9814 12766 37801 26417 86235 7048 91819 14485 5643 16354 80838 15566 51861 98819 46234 25971 81946 8516 20560 31495 11875 66501 35712 13207 71478 84817
850 125
39278 27093 30785 21129 53998 65443 61440 77345 86772 10780 63864 50630 60654 53556 38061 64398 75794 60931 29048 3684 24698 49183 33665 52069 18932 44767 45655 14107 64468 29756 98913 82528 59097 1321 8291 28501 14580 54821 29100 53152 61463 85079 79353 38853 39954 33187 30266 71113 95528 86754 81481 36384 55188 22295 48539 88839 39562 17892 93278 51580 59284 60347 59536 27148 63245 20059 20154 86934 8775 51821 4379 6341 50626 53269 58188 22812 99553 60829 65035 19894 21671 48133 60824 62760 55906 51327 2753 52173 6987 47307 33345 91069 22653 79989 74727 63567 73236 75249 13079 9068 2967 68099 84281 14492 42128 9146 57545 67827 17542 8968 33837 99672 91782 26485 7566 4393 49671 75743 45237 22800 99671 42953 8432 84544 41741
1789 124
41762 49431 65866 41091 76274 11654 91033 28536 73241 92369 30229 82223 1890 87463 92733 31260 60531 48081 63056 4208 13928 62094 62851 14870 21105 50466 66966 72020 76997 7754 14346 96228 5513 4372 10574 37768 24591 53496 6241 27250 94610 70065 61031 67518 99841 53610 57474 44697 90914 57054 46687 23551 11003 62501 96582 96402 40124 62709 113 98025 34428 5968 54129 56253 27232 51708 80592 69400 89934 74707 69582 50929 49061 69890 71515 83285 98594 58186 62692 26685 99780 96587 52021 51061 28983 45420 98910 42099 45403 48373 48827 32809 44426 47705 71723 30600 40286 10491 50047 87496 19841 61234 82387 96207 29338 91339 44639 36008 70529 67556 1463 24017 20360 40815 86133 5166 40584 95216 85316 50238 62733 91454 66854 24723
7540 124
73522 75921 36621 38736 47570 9551 41203 37820 98835 42865 66832 24149 74659 83140 30448 8452 49569 75853 52133 1714 27418 39992 96357 32223 84995 72293 23797 13440 17895 30483 1573 85344 81843 67594 74239 45572 23746 11210 57344 54647 41514 66988 60955 4734 93779 3505 74502 69291 83992 40368 61299 84499 62092 28749 50960 85127 25037 20370 38372 26156 29267 86726 31471 41524 42236 76652 39338 43858 26723 52348 30084 44569 87114 98277 17789 30620 63615 26758 95434 13763 67146 23292 71140 17885 18838 10442 51705 84910 6691 44187 82200 69057 17829 90982 75784 84294 29180 90510 34976 97624 92302 43290 69154 35614 19786 71724 73401 11359 43832 77223 71282 75843 35689 22755 19363 28751 91554 87574 12560 41075 92876 97865 74971 49637
557 125
69750 45541 50220 43203 15173 76985 38462 9079 56234 92933 7850 6060 72238 23415 34878 96565 9283 1550 97888 20591 50207 21230 46500 21181 7912 6084 46160 76800 36471 38322 97033 69601 31833 97580 41498 99395 7839 45032 23433 61229 56586 85866 38439 81660 17881 23656 19074 55010 8358 77359 48643 57706 23381 55484 77602 27782 91241 14080 80798 38917 63087 56837 73824 94953 63173 11700 18911 7918 69525 20181 30008 96405 31558 75301 54682 29107 20777 79925 96107 15122 13877 87744 99620 47662 88136 9977 41589 52378 13148 33508 70233 11798 66694 37587 5091 21648 39504 14247 91053 8525 64925 44086 85888 11026 67241 48235 44845 58953 85801 31328 95423 53699 15469 21875 25366 3393 60183 25855 50191 1472 73484 812 79054 95183 43125
7165 124
96420 84031 63049 68542 35252 78179 85366 4293 31652 80291 36847 60534 92575 58784 81677 52290 32546 37318 98370 28208 48517 39215 27124 11350 96910 52977 38250 22748 2610 31183 73981 12933 98120 42427 74564 84827 17035 81199 59924 34994 57318 53568 32549 16905 3430 86944 78839 40505 65831 98497 72757 36934 47271 40871 63448 25364 42550 31337 92853 74917 61941 68947 19698 29586 58926 89025 83062 58576 36350 96435 26279 5463 49230 38042 37616 91343 63332 88657 91991 85444 60497 65637 8879 7058 69040 2809 36060 58398 28625 19521 45927 41871 17846 98659 96475 13509 16800 45153 34844 506 49918 13283 10967 40449 18759 36416 89488 83060 57930 34215 33796 48271 43730 99301 89356 18977 23745 94028 94842 8493 18931 17604 86503 89703
6199 123
19361 12282 90532 87360 85278 98576 2217 6642 84456 39112 869 57675 98238 25617 80572 23748 37687 33791 10388 25594 14943 98707 3481 30263 12907 3214 69915 4105 59603 63514 12787 9521 81042 69472 92068 36254 52645 18809 33677 22892 43687 38463 72837 76221 43975 79257 49343 61665 20053 50759 1747 34807 46560 60232 62429 7332 84469 43166 24818 91108 18818 20596 90577 58289 4354 91122 14029 83078 48369 13510 67158 56757 36612 7112 75746 39946 40705 8490 21428 16682 47179 50386 85854 34399 63169 84580 74012 9412 22603 5415 18476 82084 28003 81624 64360 79475 99408 48571 3873 97995 1732 77000 78168 58451 46419 91187 6403 87590 49119 47900 62445 61117 33723 26039 52807 46033 32733 63804 91051 85784 8164 14880 88891
2695 125
12271 33075 25068 21424 1177 22628 6484 7575 62377 41913 41291 20258 29500 97765 80666 43033 91337 64449 59414 29197 9247 79056 25134 79634 23023 57621 55746 45497 9586 24497 62142 10640 37492 20580 29384 90720 24153 79614 7944 8776 86406 48194 49306 27207 89157 12240 12976 68489 34013 46524 53902 27054 38954 33021 10729 49027 40157 10346 96301 96048 58811 91983 97114 21031 19536 63866 18863 12448 69680 93780 68940 40382 37614 21756 84466 15259 76857 22261 50979 87198 91115 14293 14284 18307 22825 61132 85244 44838 39280 79994 23316 48877 224 95902 80309 29425 55462 53004 90714 50876 18984 95544 76338 82726 55434 61904 51880 10533 49112 99442 69973 97615 34010 24021 43079 19967 89604 23555 90972 95994 85067 82464 86375 27819 6232
5694 124
32705 64325 76726 69811 61903 50051 6254 27781 92144 3843 37161 13465 95283 17498 84268 53284 78735 13128 36274 87433 4919 69738 90520 31575 17980 18976 63935 91099 91894 43269 97521 22464 39176 56418 47443 77651 44878 88818 65950 90108 9045 90820 13685 28115 68508 33812 39185 34627 86354 16151 200 886 33984 38746 66253 76321 59817 17210 79669 55213 97652 56698 90743 5925 8901 29275 13302 1319 41517 72694 15565 30399 90048 69280 64207 7026 19817 81413 23224 76979 76331 90621 57647 72133 36407 55514 25981 76544 64867 32866 43499 42718 9968 27909 76279 47170 3303 32012 56656 43636 22802 77563 56661 80315 96148 96813 84938 98712 98291 63701 68051 74844 66056 58485 74073 65217 6428 42807 56400 16048 99235 76695 87676 17726
6573 124
53265 35581 89811 74370 72532 84028 89805 35014 96636 85090 51273 2044 61982 31272 66289 26517 39749 44276 56553 51636 82334 3568 8950 71756 3849 99415 65771 82457 9222 66755 82309 11222 34890 99426 18803 42592 21019 74419 99898 76859 52538 17597 39698 12942 8857 62786 87382 6503 5146 29554 90680 13454 50479 66680 41425 62251 51110 62248 87730 19773 1667 19317 5279 97345 94488 65805 61176 17376 61093 48993 51451 47264 48727 74121 68750 23064 3423 96527 89119 7002 3354 9416 31223 90584 10417 778 39098 53664 19110 94878 97145 95382 34327 64556 1966 43972 75827 48617 74985 85833 58254 75805 65806 42133 8279 47224 68518 40988 67333 45035 69267 96892 30116 68268 35327 39933 18593 19909 30223 97923 25682 94926 5229 55477
4941 125
14665 25342 53792 86600 54712 18956 594 30903 30544 10540 13595 11122 65952 86759 67928 29944 4702 81756 66196 17879 58995 43725 87097 40004 51766 90637 83826 84100 86550 77753 37647 61195 21509 50132 13490 58190 81642 79879 35847 76171 16100 55111 52260 85341 4103 85567 89430 33009 76458 41119 94932 96674 74210 48875 97813 94134 64637 25774 60568 62111 3139 95215 12097 1331 29012 76804 36352 6404 665 76932 62862 32764 96606 44809 29886 48311 51485 63420 86448 30234 45562 63744 63617 70540 68475 75504 16244 73809 13304 80108 75522 98230 24138 92884 78958 46953 55621 26507 88971 58987 48494 29663 80462 68680 60750 95851 19819 29999 13446 46403 15586 80899 31978 97267 66635 88616 84654 16974 2031 52929 18617 56386 59222 78536 28780
5997 124
63920 42218 20745 24688 78218 52684 34847 53693 63268 15200 36907 10012 56860 56480 42010 11522 97088 33477 85405 21221 20512 5943 96710 95125 32635 78175 211 18061 29526 14605 99167 38130 51853 4723 42776 24858 85321 52945 6743 85683 36927 20608 33048 68488 8462 91113 48653 86084 54184 58297 75441 58092 18817 39435 62009 59762 31499 6687 50041 89735 27155 476 57249 19810 61874 75473 2865 3364 95345 9387 99498 88546 19623 36938 80176 20558 73268 7451 10868 58441 11332 77966 28080 81329 19413 89141 90027 4809 25081 61175 39213 3167 22025 90508 50400 65927 27536 62068 18394 27303 31647 63059 56792 85494 20251 56487 16040 38055 31404 68006 69391 35284 19215 44496 42296 83584 55575 95734 93350 96318 99412 30430 64148 58279
5163 125
53361 96411 35132 93176 87927 5433 14729 95755 21100 6663 69237 67292 28456 73988 1506 18622 74247 77487 15128 49757 23550 47494 16612 58829 14960 59698 92787 88927 97962 49262 7307 47043 19654 21629 93207 56143 39811 83614 14849 13805 37956 13396 48342 93485 39332 15333 82812 73724 80454 91897 10773 36376 72894 66943 82047 37018 22052 7523 64835 46874 12638 92318 34640 9354 99267 70191 8041 83737 42041 71471 88572 28163 48793 60574 44419 79203 40027 81332 34808 14677 70192 48624 5069 77775 74627 84094 13399 597 62879 89663 84593 81752 14148 76918 67936 5997 52732 36733 90376 10814 17513 96034 35357 80262 10663 24293 39225 68409 67769 82460 31191 59636 93133 25144 5568 75898 23510 19590 23977 79690 51311 68071 49861 7511 29317
6441 124
95472 77101 88090 7320 65220 70207 73947 291 48078 38761 25385 13417 24741 21622 97665 15722 15490 35516 19929 69862 52392 17083 73622 26486 61350 16566 58094 84349 70083 42580 89345 85759 30856 36482 83929 41078 16137 20636 77758 80723 68076 98947 41712 12730 37908 74028 97294 91912 1862 93951 82818 29955 61947 83953 37595 27447 75457 85823 46823 410 68845 45148 77001 80843 57912 27140 84641 729 13008 19257 15803 59059 51136 39350 61352 11274 17870 4876 36481 32510 78814 40985 17635 36117 99507 32344 72621 13198 90912 41052 1964 28288 42635 78299 98898 35024 42699 82795 14908 37491 83158 83941 40760 19334 84288 61492 44989 32396 88062 95696 60442 37902 732 4086 93346 22368 15095 61624 56968 32338 22817 19307 73298 91828
328 124
15888 60361 40954 53456 10193 21881 16184 53064 67116 84892 66882 47640 60504 50513 90674 6026 89452 95646 7411 53835 72945 32516 13842 58141 95468 50714 77147 47599 57997 52712 21134 72865 65385 37928 48055 55094 63194 63498 93161 49250 55639 49571 17220 99215 30137 36606 43811 76133 43761 6713 40600 80474 56538 50138 15876 30654 55358 55492 26905 7741 73856 42000 96697 67332 49730 75682 87054 49448 63298 99773 85977 50408 99328 65971 64502 18177 89954 6015 71722 22932 63636 84972 82429 63051 36234 76391 85754 22352 46432 32098 28353 94334 58618 13021 51700 63687 37396 28090 41899 43031 73547 40940 94547 21807 69006 14116 28961 79016 29064 64943 99068 18989 50880 52002 56958 33191 27945 77547 83538 69935 46274 14251 37106 62436
2638 124
36371 24412 81200 63016 92243 84857 86854 61697 68766 98359 26931 75256 92362 40968 54640 19632 4573 91472 62327 15397 85451 35177 92659 75770 69941 23699 91294 64508 79654 61401 23650 90985 7790 47315 51863 85988 33718 38997 57693 11439 21141 3698 7436 84652 76280 90152 92367 75699 24965 96684 19701 40191 93270 74738 69971 5307 39914 73258 97229 19129 84702 19313 77416 18716 95077 71218 9953 43567 18797 85418 5891 48606 14635 98921 41379 70901 35642 61862 52698 62450 64099 68404 73904 3243 46286 75954 91236 68342 41566 76067 54979 82819 92959 42035 91475 6092 13912 77527 65538 21927 77452 41367 82238 2150 16768 91726 92379 20714 41956 79845 61128 10803 13385 84407 30337 45767 99149 71408 28240 34197 95089 71349 43293 45389
481 124
91279 10093 18069 63167 36460 50989 63251 1349 97998 25490 8961 95936 40417 34110 21914 94193 80424 99175 62802 10168 23615 13208 69007 98570 21507 77796 80711 52699 57709 11428 91716 71449 58990 67925 8187 76246 10537 19218 85686 76873 8779 31574 34534 50256 37114 24833 93880 42134 53555 36169 87919 71431 52571 77474 86083 39157 19043 9277 75324 26334 91793 0 79199 68927 26048 20451 26374 58427 48864 5553 62162 54383 43611 78165 5098 37195 20966 93672 86304 42426 49096 63385 63752 6184 78998 70439 99357 3094 29645 46409 36443 16544 9629 26939 36129 20317 93232 20293 76623 39679 61215 93737 71571 2160 18945 52679 93029 96149 93187 68339 26690 78443 47579 56599 19199 76928 61109 1722 71324 29036 11445 85016 57412 80724
2861 125
58123 64445 57373 9818 34194 29288 85819 81013 89035 83536 64074 76494 11702 67977 59666 72234 50266 37480 73034 73115 94384 2443 10928 93274 49548 14176 90875 74759 51491 33632 36201 88587 46899 12134 77884 63606 25721 72140 92958 53072 57964 34531 17034 24640 75638 90979 71196 76983 10329 55564 95082 65623 33600 62682 24749 67971 8356 43058 75977 92738 19012 49222 39890 76053 83272 4092 46981 16650 99717 44699 84758 641 69261 76519 13421 66047 93212 61924 64960 7188 42921 38481 33137 1646 41085 75820 43898 78395 35988 53173 21046 32335 89732 17212 43786 49309 40514 92918 45207 82880 2903 21798 5742 81123 56467 81821 35396 70604 10647 57953 61499 96541 28329 80391 51674 69696 50028 74330 33635 98652 10043 94561 28472 58916 11842
6584 120
66542 37287 78353 30639 85667 85489 22610 62530 19248 59547 23184 11741 66870 10152 92061 39831 50716 30290 71619 95592 3232 27602 9696 56984 36359 85716 636 608 50906 39716 93127 61626 36071 80028 99281 76894 72035 26672 57965 41531 18429 55517 37615 18466 65557 10864 22330 45600 92415 22214 43482 87334 84504 99154 55691 93922 14455 52203 18149 22792 1372 21893 63788 13539 12842 53628 59286 21059 90447 28615 76984 86347 73086 98161 4185 18291 59190 61249 97886 27499 96978 91794 55410 78915 86868 51610 37054 22134 46411 73358 24097 41293 58257 2647 63716 81515 15651 63042 76299 68348 88583 29797 27948 17025 39678 99076 40631 80339 3781 51093 11817 33953 22922 76883 509 54296 31976 56266 86483 37386
2333 124
79883 12537 5844 88208 51535 59885 77055 51646 17672 47462 39991 67754 21195 30609 42578 34876 73080 12615 61212 87182 24952 39738 51551 24093 23798 3624 97380 78748 66351 3685 39616 74604 25109 51558 94221 66275 32337 85439 82405 87695 45000 86780 60224 81411 35932 5101 80922 59597 25048 6020 25083 76789 3528 54668 29785 33556 84233 33924 60594 73818 29879 71235 93692 68562 51798 94895 23288 65033 85955 34213 18449 92027 85100 44771 987 88970 66840 89610 68699 23216 45206 41750 98924 73893 79145 71022 95310 49335 52061 78519 80221 88402 83864 57393 51223 12648 69325 37591 75676 13354 40134 17891 40270 62152 54167 92270 97957 47793 78245 16562 5052 7780 94748 71975 51776 14472 62 58719 36498 72340 56869 34053 78248 11691
3008 124
86767 49099 33245 34329 49538 5353 28466 82824 59261 58401 49190 19925 97565 49873 30 27604 94629 34009 67354 24928 10968 25909 8939 84149 23676 1210 78042 17989 36300 58893 79177 48675 24050 50843 2345 40952 36190 25582 42093 88177 82551 57599 30334 28382 30024 66529 17102 71630 53565 51873 14518 30611 56738 18122 72067 75696 29714 66623 18101 26847 5503 87774 53805 2683 90298 78959 6725 10303 29648 14085 12114 37987 37387 86450 20152 14990 19103 19737 86399 42321 41797 70509 54060 9 49624 63156 97612 43719 52025 64188 24719 35371 36957 31086 96266 18186 15463 3584 36328 35330 23021 1504 36221 44881 60461 57311 85821 73518 57305 79603 52337 77260 13837 21339 41701 26393 16216 60448 86636 30891 28340 65164 95787 29609
2893 124
52417 45307 57194 33574 67931 49033 4205 44549 11594 88299 13869 90602 79839 577 94079 45985 73666 77687 19746 23402 11686 22696 33919 66404 28820 65881 28142 56372 9766 72658 8614 15059 13683 14549 19982 62964 45336 82847 10993 9177 28081 33990 26839 2055 6442 59449 96658 11034 37841 15017 50583 31658 64783 90245 17246 7501 20726 80531 53365 57859 80382 34439 61525 15442 42017 67500 87795 68181 42543 18713 726 19343 38570 37735 16296 7271 30106 98010 90928 53001 96726 9346 9165 39780 7457 29986 19122 28754 97331 1006 83491 10325 48796 27538 80521 83503 47190 19928 14037 22370 12535 98822 27562 57781 46642 67960 30661 57039 7524 6485 12616 30580 17719 21508 62192 61030 82706 17585 21050 55878 19360 78203 21318 65974
599 124
43659 51052 70230 27785 31937 86943 26919 74745 10924 89569 1816 50987 95726 29376 7966 69875 85109 86198 59355 82298 36306 3788 33259 22916 42984 33625 77481 75549 13477 23903 25295 40640 90885 53676 31172 56056 74765 87609 24573 7425 89864 49830 68807 15756 68973 65126 89717 95268 26669 3134 46382 7857 9788 49193 2941 74406 50244 6175 69398 88990 89334 4855 31393 33847 38556 45806 26433 70749 32485 6087 78024 37272 7806 90047 33674 64997 43177 5349 92364 60738 97419 96169 25261 58445 93128 67937 46906 39792 9707 78242 64277 49076 91382 55580 81261 32157 80615 60098 28668 68141 59320 93234 17751 23673 43350 55125 51750 17455 68257 319 36499 23073 91334 60041 53447 25803 30267 72796 38955 31891 10159 17837 55332 21749
1120 123
47037 2864 77740 11687 7722 90071 48871 2744 28977 93103 86761 33726 39104 99884 53313 84679 32572 68129 874 93955 4591 12377 22226 9919 62835 64239 26866 44278 47168 39931 22256 24464 35322 21864 81064 93082 90737 9967 17428 3812 84538 13885 54654 29725 71503 49835 74294 56313 41139 24447 40898 12494 2291 68075 71183 31097 58301 99777 7347 78436 65572 47390 38747 22334 61142 8263 91873 99929 50598 26871 95627 46923 24870 5659 71326 14726 58418 798 46032 39397 31739 85273 6269 53708 62607 88813 51495 52910 77507 1786 22003 2927 24535 2971 5246 43792 17859 26991 93785 32914 33857 4725 90430 1946 55175 91456 1948 35639 30153 59 90699 73826 49074 19046 62063 8912 71320 97182 29918 54842 48280 40643 19919
6489 123
4220 72616 65345 61690 33808 57270 9109 58383 43942 54369 99921 48619 18000 35950 3874 76011 70640 6243 91086 46803 78043 61763 8920 6182 30315 26964 35106 12485 92140 26865 99073 50508 49024 36155 85985 41825 13178 98670 16096 8572 13215 78376 15517 76817 47235 3072 57156 43268 16012 74234 91851 16758 28631 7927 57293 20315 22288 99936 57570 83047 80909 27584 65275 7568 92848 16765 98031 55552 52844 31894 8025 70985 57746 69546 34745 21586 89213 37812 88372 19232 96464 76197 48599 38943 30280 59252 8872 75558 80726 5151 58075 94201 86611 31360 10047 61118 57273 1864 67343 25019 45256 44693 9808 16853 10927 49124 65148 32272 47231 75326 4633 3840 60419 75028 75576 27593 11355 30528 62549 63613 71144 4249 40580
840 124
38882 87427 60872 57725 32434 5674 49116 44813 33765 6520 70430 14864 38106 78164 42320 47944 15435 68462 17424 64373 17060 53415 50486 82651 28261 63373 26977 74124 53567 37118 27906 79024 99307 5596 20235 32147 28201 88124 75981 34612 27381 41938 18356 56855 58868 47530 3588 24946 33324 36772 63468 44609 81233 10602 44319 38565 40978 34294 35278 703 42033 52511 31691 71636 89801 42913 32047 61739 19021 4031 3630 28858 95363 73085 57603 30850 76587 80385 92347 32539 68470 73181 40273 98687 90556 99435 80913 91631 38433 7997 77064 98119 93196 82289 32306 13224 61969 67154 44953 30990 83209 22518 7941 28281 27132 76309 9421 16893 10181 54426 5466 14241 80884 17215 76003 31090 27371 34047 90871 96054 32461 80168 48582 37785
64 123
74384 6321 75888 79619 67299 56023 58832 95997 82194 42618 16584 25431 30968 75163 98610 5789 7352 77817 6448 85502 93823 76013 33068 37026 76767 49572 23803 93854 84030 82766 13909 92170 8678 56237 69227 86128 11300 23530 98523 52356 67781 17190 73377 28294 92523 97197 85845 77304 63912 46969 77910 84790 79694 67091 59974 71523 73354 4895 48783 45928 12927 57108 41672 49938 24603 14292 87921 33849 45358 24440 23345 80122 37321 50121 95196 79580 14736 914 72155 41549 82077 96871 90682 19727 17648 88032 75562 11411 33280 49075 43771 74218 76061 60920 35656 67270 13185 76103 99190 30806 98781 57714 20207 82444 30075 25950 54700 8856 25987 48752 81457 99716 70474 32017 23384 11903 82467 19561 45646 35774 83568 6914 843
5315 122
9892 7650 53389 13974 27942 50236 97080 38226 99347 9714 40415 33793 27972 60754 84092 96769 91522 72902 78659 21989 56828 90595 53948 73808 88933 40418 24951 44225 86244 37731 71100 36411 46291 45264 85012 63973 46188 68588 44094 36976 15587 60871 98378 46212 44233 71539 41581 73837 91757 5434 92467 4854 47889 48833 3753 97001 43300 53430 2134 5927 26434 266 51012 73478 4945 3335 10996 71576 27050 71331 79652 48684 49817 43099 8177 39327 32488 69970 99935 78711 93910 72402 39209 80111 53055 72808 56102 70058 1957 7403 18114 19490 76915 15611 53927 40455 84975 22717 67673 51893 3270 70180 90991 11280 90039 96744 95340 11247 68798 74286 79623 23376 58747 86634 13765 36240 65963 53971 8290 90910 66085 54771
4001 122
61487 61767 48020 98449 93250 77521 17 5429 62593 95097 76314 61803 81983 2318 25414 75311 45141 88932 64632 99229 71812 37347 62255 49846 85830 54628 69011 13197 88417 14336 98261 78458 80717 1206 63582 54061 45212 60515 73608 21877 78989 1648 92158 9340 15047 6740 92416 81902 81307 47603 19335 39871 51523 74356 613 4468 35808 47629 66493 54199 69444 97980 48104 51282 55568 25464 72525 20119 87781 89143 32053 7531 42261 11810 32655 5 27057 60899 43572 93994 21540 71794 93734 1156 97685 40053 94854 31822 59864 66568 53687 13794 74740 63101 89038 16505 12777 40776 51914 77959 12367 33843 53081 10276 11043 45666 85926 11760 93495 66649 62847 85469 24687 82020 23474 71327 2490 34658 5903 46960 78821 11121
6285 123
50072 41315 11431 28527 76881 20887 10951 5018 75627 3501 1766 84194 62855 88696 64751 54595 83619 15659 24025 70874 82760 68182 76328 85361 23999 84135 66589 44093 61914 42684 91157 80655 74172 139 51054 76507 51639 84867 6895 26765 84049 99678 11179 56345 88533 85035 68322 58446 40039 31806 96951 95098 48660 3110 20308 22579 96451 36171 42226 56114 27670 32569 90016 1475 22428 82862 8508 42838 9587 54711 25825 756 35297 59734 2288 73905 77831 96085 90670 8431 69422 39981 87386 24309 90330 22101 28197 14592 61688 51162 87106 2180 68230 63939 77262 42766 38974 18100 25103 29745 17803 93848 74086 89150 82805 11418 71224 18117 3329 32902 7239 94577 75052 32009 92108 30905 9164 17080 45968 35138 25332 82834 5050
5488 125
60888 28614 17344 88695 87292 28434 88897 38749 39999 22934 14666 59591 66185 96883 10269 14879 9078 44321 74761 66786 36875 12626 34026 15493 83329 25126 90091 91479 14256 46868 39588 63278 63284 68020 59584 63294 2441 52755 88518 88628 23604 23143 50148 40554 40931 96825 78110 40434 92573 61779 46338 27257 53317 63341 3726 30872 71136 80668 41882 51291 91906 66074 57446 44190 74511 3899 75568 55062 66906 54928 35824 28894 83094 15674 15840 18021 20886 56560 45231 74981 94728 75486 13448 34298 1338 74332 26934 98159 82430 34874 8633 11185 2242 15363 35802 58439 51926 54291 33601 44098 74246 158 10583 22786 62979 65356 91608 68211 45356 14695 25957 57205 66284 30349 98513 95768 30809 40298 72791 32658 6260 98880 13169 67274 98605
7184 121
16181 11804 78935 90978 42009 48983 29183 55066 96342 30468 34056 3904 82000 28416 78739 35991 38723 88255 43208 21568 65661 23504 38001 78011 99294 84282 42707 41128 13824 92734 74965 48788 45794 87733 58657 64011 23093 44587 98778 23494 30857 93650 9945 54143 48970 26498 78192 31887 20501 25168 96532 3697 24269 15306 91347 76830 76122 50983 27451 29981 49073 32076 38150 53397 73948 52658 64979 57246 86974 4603 11627 73961 96106 31459 63473 49196 73561 4529 10500 43518 18665 59080 85102 60184 98479 59511 80383 84102 43368 72874 71437 32489 24115 80794 7845 82703 28748 35686 7354 11425 62945 16343 25751 56957 13816 68472 76822 77269 7339 31868 29749 52867 77629 86997 69617 84631 49969 79565 44563 49501 50097
2136 121
12986 9224 86404 11718 85939 34343 51802 7897 58152 99735 6071 968 39641 24037 88257 70979 31042 49317 85492 22735 17381 74532 19463 21870 61658 18314 45745 15588 9091 47412 41528 84436 35422 65895 48394 11746 91141 34440 55232 46978 48296 57956 9048 49980 14952 29278 32754 68551 57307 2126 9680 49581 8051 9549 80702 58461 29112 78063 34785 54388 18502 57971 1100 80232 80494 65864 10422 50234 60387 78916 77707 19714 3771 65073 24669 48646 8998 57174 5637 47956 44664 87723 89020 65976 63405 96903 36655 43425 79892 84430 21528 5623 95463 70091 40837 5875 37840 8060 76033 80554 54091 57381 73603 86247 97816 45914 66769 73381 41831 22415 510 35317 91937 15692 24927 50741 95905 74316 53045 42121 77411
2582 125
63098 99306 63981 10578 99508 85235 50866 15398 1556 77712 21275 26305 35081 54678 16809 45294 28269 83251 58185 50298 66387 86033 71560 45766 15339 13125 72627 40501 30847 16593 38989 98543 88156 23800 23879 57609 301 7752 33128 21333 25732 1570 25230 26541 16776 48968 13583 16706 4013 23355 68745 10566 35363 21657 68634 83141 38175 5164 80671 98952 4575 75705 79873 35512 33528 478 35293 69622 33130 21765 63677 79364 42216 28713 18001 61051 64226 36685 10775 85320 96340 36888 57975 59873 7065 37931 68428 35016 36315 94298 42665 10501 87766 31395 55540 21743 54246 38238 93225 83403 96387 62897 6025 87117 91117 5589 97594 58523 62502 23862 95829 10113 32481 58760 16449 8675 37593 5922 12068 56093 29670 21768 27500 4548 9701
5189 121
23028 30401 58741 62946 17806 50078 17504 35064 48758 16023 81998 55486 49144 4699 89360 77434 2454 36992 29971 14239 70712 86219 54730 41680 28387 19324 93010 95398 33224 24618 93527 30490 12344 97302 29911 10103 59435 13677 79960 75940 4052 80816 69454 37851 94646 95107 91709 34522 85986 734 93113 7022 99042 42961 80822 67280 3755 47257 4471 63282 19 194 56131 56261 29435 46145 97944 96947 28638 85774 48905 68432 97986 24701 5604 13536 87105 37097 88294 48732 1681 82329 52794 94898 54265 98273 11067 14848 50966 39532 24381 10823 97893 65671 68932 3337 42453 86736 4256 94129 9963 90974 87507 93988 87312 90207 3488 36390 65628 6542 46493 57917 67142 36660 35875 30686 24634 68192 45575 42949 67122
5103 122
40602 49337 29724 7900 75923 92102 37177 49529 99044 4866 86774 30244 19240 59360 62840 76136 56387 63431 74454 10603 78222 91570 85038 84244 63872 85889 72139 96962 93901 54769 80888 97371 2388 75686 96948 95170 45587 70594 73165 51755 34525 35475 2466 26792 63345 32431 75637 2898 14082 91037 4469 31156 60553 39799 84872 30342 16 55649 89647 46278 21258 42785 62745 62887 84150 29531 10258 1113 78237 24733 46773 78764 52994 12306 78426 90312 48561 68441 35263 25877 79854 66666 64757 52211 92206 28207 76694 3707 10021 73350 34905 37145 86179 33890 34314 99226 59132 89644 71689 79138 973 68841 55971 48182 60697 2306 80606 11205 82267 71340 19756 9060 96124 51361 30721 56766 76943 330 10380 10667 53784 46694
2396 122
60431 96040 80083 86019 46801 33001 48760 7670 98489 3089 37915 44612 44455 95568 82605 74680 44327 58646 23465 94630 3886 77846 6750 64107 5397 77778 7639 98437 64914 57387 62784 29194 47118 93115 54109 20074 78444 61523 94121 57968 37599 86523 56589 88576 49268 29817 96239 98365 532 65855 23626 86075 67174 42743 93686 54249 3288 8569 99806 51786 97135 17374 73180 18769 19306 67397 66229 47289 43825 64060 26969 2595 38694 51064 98967 94520 270 10223 55451 43156 87432 20347 81065 95818 39072 34163 73166 99476 31080 24872 78851 68870 33613 43682 11554 35971 427 98256 50754 7300 91341 86270 14688 53600 78676 98111 36881 5641 53821 14909 70334 16334 77896 70852 69155 31936 68679 86834 93280 43887 72161 35383
983 122
31939 42038 55308 36424 49748 14402 56852 86757 34775 37505 38469 9466 62664 86111 875 89349 9290 76066 16079 76603 15776 45543 44209 50364 80806 2083 68361 12708 68103 74966 29015 77130 81856 18249 92148 7013 89999 83227 94592 96832 52185 6355 33407 73500 48061 63028 20880 60934 19702 89469 78485 64206 18432 59184 41774 43248 15239 59876 91878 37279 14926 6839 99203 19272 72550 68945 37756 63509 8011 35906 94422 50175 19839 97619 86886 85484 88843 79764 57171 66903 5251 30539 76975 57116 64486 83464 31383 25948 36135 56670 91656 9425 98802 3033 65104 2673 23244 44333 25002 14193 95796 97904 63790 84503 85899 40166 90916 27872 75225 91807 53219 92604 51934 16972 92639 23889 97003 83639 84710 20466 62717 6786
2641 124
88009 74677 58580 91357 32379 99915 99171 59851 13707 31803 62093 87086 17899 70774 91110 56718 91499 39384 84177 7949 44952 74359 30006 75817 86015 58817 33852 26518 52390 64311 68334 40701 91953 99701 89959 24600 74268 94202 65366 51760 58587 64094 94264 36210 55017 77024 36670 29271 47145 24224 39929 604 27519 21373 34930 13737 72436 20295 98964 85771 2499 66124 14046 37413 68812 91244 98316 95344 96329 72704 71818 10606 95973 4268 43708 45030 89763 78435 80915 35235 71766 64114 40265 28480 65943 8334 89439 98879 85490 37246 34613 42546 83881 17514 83198 59594 17738 99080 89583 78846 37223 14368 40553 50805 50570 44241 48198 30652 22094 22672 54764 40616 38711 63148 5651 19026 5352 4332 76712 28140 40761 89576 55255 17020
7789 122
2438 91635 5311 23175 76691 52675 41365 68612 87945 46239 26213 19694 78889 24461 12874 17271 14476 67082 49760 65650 11498 24760 42201 709 18480 88615 90717 62281 72579 57800 16386 65589 7840 24173 80246 5614 73764 35815 53663 41821 20772 53681 6422 9035 54569 73909 16165 8224 56937 72548 6419 57654 47055 76385 83819 32452 99169 45517 51642 69942 13098 94910 11059 41770 2096 70986 58570 15610 13200 93783 65732 35339 46461 60161 1207 8052 34885 32225 59513 68503 66171 51944 33756 42271 18313 47159 90364 17674 91299 29156 81498 7060 72408 6926 11755 88449 62634 73249 22596 43364 24996 11658 88741 6007 31454 76500 19476 67175 99691 44102 39782 74791 21142 83760 4732 98567 13494 10826 64475 38624 88428 85417
