116
209 110
15080 11026 14598 13770 630 9474 9939 12168 15532 16542 11621 1545 9575 4480 9427 2444 13838 9923 15482 834 11662 13037 13312 1087 10989 13080 3737 11587 10178 564 6551 7164 3854 9733 14834 7483 4185 14391 15237 13151 14237 11823 12820 10425 8160 12272 5378 13211 502 989 15574 1876 14613 1804 8646 14980 14870 7402 366 41 6890 16092 10190 13103 7906 11738 6428 461 1191 18740 12950 3342 14272 10455 3861 9606 15557 4406 12353 13674 3487 9862 14752 9701 6484 2906 16426 14685 15211 994 12020 961 7961 201 3742 3474 8739 898 7082 5973 3459 2059 11877 11901 10683 10021 9163 4017 3907 2507
1435 35
282 6048 8688 6585 11000 5068 14290 10741 13102 15243 919 16407 3932 10356 14957 11192 4625 11628 4345 2636 7733 6567 6612 1642 3624 3681 9404 7635 16978 17334 7963 14273 4767 5528 5053
4442 35
2439 15902 16534 8323 3243 5950 11996 2646 1344 2496 9994 2246 10630 13360 11620 15509 7550 10285 15405 15288 5975 5806 9754 10570 17055 8061 9029 11584 13293 2725 18224 7676 9837 1113 6298
3025 35
18502 6405 10415 6698 11911 10438 806 18475 6119 3872 14476 16088 15020 6466 17140 2757 3821 18693 6744 11826 9825 656 12992 16087 9943 17194 484 8885 4338 12998 5968 5853 18449 15835 17112
2963 35
6231 12371 2813 18410 4049 3988 5942 6596 4552 7441 16096 6777 7046 15972 18329 1275 17863 9627 198 15387 16273 10431 6202 17303 5420 13720 15608 8097 13746 5300 18634 15192 14854 17528 15221
1776 35
6303 4809 6224 2241 5137 16403 6871 4056 18302 8974 7553 6381 15778 15109 9396 11174 6378 625 11209 10646 2595 7155 11423 10668 7773 4349 16211 7142 8792 4044 14956 1338 12887 11743 16348
4058 35
16212 17665 12729 3063 4021 18661 10330 12384 7633 16331 1111 7817 4289 13803 16282 8610 10242 17208 18290 15659 9416 3607 398 13291 139 18127 16218 5026 8121 6406 1644 13469 482 16201 13253
5281 35
12019 4437 9516 4061 6356 4888 3186 10480 5402 15500 3639 4615 5392 3360 12177 9018 10740 7908 3579 5030 12301 12245 15064 12324 15724 2057 10474 10406 5373 10109 2066 11867 5523 3470 14412
6439 35
9834 12258 16174 5661 14462 9551 6876 17336 15582 11995 3500 11490 6591 6697 3656 15631 10287 7261 9242 14925 18712 18275 6407 14824 17721 8531 1459 4111 1431 479 11520 17305 15217 8395 2387
906 35
1607 8758 1760 10016 7389 7135 17258 6265 14482 17573 3375 11038 8616 433 1950 18137 12725 3692 2647 6245 4803 13889 15454 8693 3373 4344 976 11670 13966 4940 20 16324 4583 13362 18719
4826 35
8504 6814 12513 2879 4790 7466 17198 15017 18664 553 14644 17514 3484 1572 17091 3797 16727 10063 10986 5742 11250 12905 16198 6238 2943 14387 16555 18087 914 17489 11890 4845 7686 2802 16577
5005 35
17973 2554 5468 18783 1945 18262 16854 6070 14867 8751 12635 14977 7137 16956 12219 15505 4766 6027 9360 14182 17538 15227 17377 3834 3098 2026 7315 5868 18247 6078 5020 13766 8554 978 1556
5366 35
14935 10934 4157 7588 13219 2346 11057 10843 1581 11272 8482 9978 18734 9616 14397 2478 13583 4872 17652 2293 10142 6842 12512 11987 5152 6161 14738 15709 4207 11338 421 16612 5033 16833 4757
1757 35
2599 17864 3504 13615 12206 2197 1897 5921 8477 3253 14079 11569 2878 7835 275 17036 14507 15362 5568 11424 12958 18679 2727 6427 5325 15324 2344 4696 18600 12963 9014 17511 6523 11452 8719
4809 35
17374 15246 9914 10923 11767 10915 9494 15250 13955 15264 4483 7431 6577 12431 13192 6746 9683 7881 15108 1687 11993 13592 10866 16068 10677 12722 8670 6554 16436 8063 9846 14847 7326 1102 3744
5917 35
11206 5889 5223 16001 15850 13217 4727 14822 4165 18653 18122 7903 14415 16356 9172 7622 11087 18121 10249 6195 403 4427 15583 12661 3993 16272 1863 17875 3350 9199 10368 18236 6743 10031 4201
5620 35
9649 8768 13195 17978 16757 5936 2096 10999 15166 13093 4479 15924 11830 5594 3853 7400 2737 11747 236 1533 18462 6832 18422 13814 328 13289 14212 16085 12159 7186 13480 18469 11332 1364 17131
4446 35
6465 18809 11699 2419 17243 13271 13053 10734 15829 548 13694 13877 6536 144 11385 10725 17300 17992 10730 10441 2058 14111 13690 11388 15344 5469 15077 16404 3357 11176 11686 13332 5786 13911 8754
5195 35
4844 3731 3302 773 14113 18206 5158 1295 5778 2301 3621 11976 6261 17508 423 16910 4064 15585 11848 10152 870 15224 1207 4395 16029 4 2412 7678 16508 4029 8231 5267 17708 12314 7609
2984 35
15434 2290 6669 8822 7423 7763 622 11968 16699 12921 634 15267 7371 7378 9527 17133 10743 14718 8780 286 4086 16969 11476 4434 17788 12976 4978 8227 7604 13379 6728 9157 16984 8211 2008
2989 35
5104 5168 6281 15234 15097 18776 98 527 16803 18222 6603 9171 6930 12683 6241 10161 12022 7198 2552 2219 8485 10966 11718 485 825 16989 16306 8233 887 13184 15615 16323 15493 5996 9227
6296 35
10903 4468 7159 6329 16142 10664 14520 4356 10433 17162 2105 13936 11364 4774 18523 13925 5672 3713 18360 18704 13063 13629 12316 1951 18835 16147 14126 16196 390 14218 14618 12966 8326 17200 8668
5975 35
17549 14941 6132 6776 956 11289 924 8349 7627 17707 14067 14766 7955 6489 5374 2076 2883 13985 14343 9861 14277 17432 967 9941 16962 18257 13496 16546 12790 8282 3016 17655 5705 11191 3866
6595 35
17881 14551 12765 979 12368 11546 2209 2559 10151 14891 12857 13675 537 17985 6260 17731 6429 15351 2896 7427 15413 10985 4624 1714 6307 14380 16777 5554 12789 11918 5529 5499 8971 7990 13458
87 35
11629 16676 2670 16918 17796 1723 4792 10494 3042 1024 13553 13913 9738 6558 203 16859 633 18299 7260 16952 2610 10721 4420 15797 5893 7368 7548 16509 6850 968 12388 4286 16099 13723 8122
2844 35
9635 7350 11652 5780 12005 9316 1012 9345 5493 18352 2188 14174 13475 13485 11808 18622 16478 5055 9828 14219 5060 13562 3682 4176 14213 4057 14509 9085 2039 10004 12835 11105 2108 13953 10736
4228 35
7494 174 17152 16268 17348 9722 14137 18508 11223 6150 8879 2904 2217 1997 17014 17493 10351 12399 5194 5181 14254 7937 7229 1307 12755 16166 4535 10627 9785 13270 3427 1168 2574 9354 16920
5996 35
672 1320 18667 14536 4663 11949 2694 5877 14134 18326 660 4195 2787 12654 1412 17262 6893 8736 3326 8658 7246 8453 915 15492 4807 12152 8496 16146 11407 6463 13036 15880 13035 13314 14927
1384 35
10418 4980 3780 7026 13434 18656 5981 1755 8250 10104 17641 5952 16637 6408 8860 3769 5437 18777 3746 8113 14194 13344 7289 12869 16630 15229 18599 16794 463 5429 2463 877 6639 6609 8526
358 35
5390 991 7212 7959 10617 10342 10785 4131 17278 17595 13699 365 15197 3209 6762 6085 691 14667 2616 15701 10408 10941 13586 11284 14101 5379 18218 13816 8529 7311 11091 12642 14453 1042 12549
4754 35
18559 2575 8906 11472 3611 10692 1805 9002 7131 11893 16869 12228 17892 493 14098 12929 3726 8525 6727 8197 17630 5977 3424 4726 7621 3174 16819 6297 13992 9120 2718 7190 16589 9520 18770
2795 35
10946 9749 15730 6573 1448 15401 14597 10953 3817 3894 14545 18301 18681 6324 4348 14534 8426 5616 12011 7021 18227 12447 2593 6786 10643 4429 11908 8630 13776 5829 10176 7596 10092 10829 14455
5358 35
1993 1566 11492 7203 10640 17471 16022 11700 136 4162 3511 18749 13841 9223 9017 0 14029 3802 17479 9303 15606 10830 5430 18698 7393 2018 13375 16700 2582 2079 10914 11938 10405 6026 815
8363 34
13373 3455 843 9866 12024 14123 15305 16119 18730 16991 18094 14630 10319 15853 3897 15478 10411 15718 11161 4113 7872 8510 16206 13875 14668 2912 17579 9656 2910 18303 14689 9967 8107 12007
6054 35
9320 17689 16647 10044 6833 15147 6346 2229 3105 4140 9579 18294 12626 10423 165 7501 7594 13352 3629 5514 1632 5584 16740 761 15275 3902 4313 8499 12006 13885 13118 5536 9196 2687 6109
1448 35
8441 15008 18839 3762 9624 16687 14464 9500 2799 9533 17846 17648 4930 11405 7470 2776 13426 10920 7196 17944 4497 4265 2122 7036 863 12183 10626 1470 16161 5634 11390 6330 3689 6916 18834
1418 35
3408 845 13609 15466 9802 3811 14779 7308 13059 3303 8741 6423 5333 16411 13696 15041 4605 14047 12816 16160 11396 15479 4291 1636 2326 10165 16299 11067 13265 18156 4385 17606 2253 14692 6467
1718 35
12997 6739 11763 18765 10599 13759 7067 12571 7880 5547 9849 11468 1720 10449 1613 1710 10272 15415 2041 16290 4484 12469 10549 2071 12281 5357 6204 3268 9676 14771 15033 1609 9887 2043 14609
6620 35
17061 10070 209 15883 13350 7030 13918 8257 9652 15843 8900 14982 13891 1612 8237 15817 11811 6552 10396 3235 8530 434 5765 3809 6994 16489 15765 3292 16361 1912 4827 6997 3913 16357 8238
2950 35
584 9088 3974 16532 16929 5162 13493 822 9631 1773 3552 13780 9497 10980 12279 13772 17037 17277 5715 7042 18209 8999 2617 399 11431 3620 13862 2332 12948 16526 11785 4518 16130 1397 14154
2477 35
4967 9071 4576 8302 13974 1641 4274 973 17650 848 9935 13698 7167 17392 1611 13714 12622 17218 5874 268 14014 18067 13404 9959 14209 8203 8116 5768 10942 11645 6311 15842 18800 9458 4976
681 35
9648 4010 818 4756 12564 4411 1813 663 16569 16013 7574 10290 17782 17815 7570 6279 17867 15202 11557 1514 9893 7457 17961 9779 1176 4513 12582 8519 15839 2798 14167 13515 4416 11948 18106
6074 34
7911 7929 7898 9091 17085 5225 10379 3644 4799 16848 2608 3908 4958 18767 6517 11226 1803 10823 1144 13343 7054 13246 10813 7747 12065 4603 15484 5203 10815 12182 17165 1786 11865 17023
5190 35
6564 17310 8096 13692 15481 2568 17135 5785 7015 11516 3277 11574 8249 18186 2685 15969 4883 14691 11659 10563 8397 5990 5177 2321 1104 9519 13969 8626 16707 17762 14939 15568 14987 13385 745
2194 35
9366 3356 12957 14514 6338 15881 13221 8361 11077 9138 2303 1078 6559 8843 18568 2304 10671 13056 14195 9695 10254 8516 12698 12925 5467 3009 13430 18468 7060 18022 1130 214 12004 17945 3196
1091 35
7824 9822 7351 13044 11827 6607 7426 3533 9164 4439 8222 13198 6249 5257 12097 10868 3336 17504 7916 1577 9682 15979 2592 11121 14500 8486 9807 6926 1862 3531 3493 1585 15651 886 8077
3081 35
2454 8026 13865 16172 3541 14168 5126 2131 2086 6912 1133 8003 11508 2543 3973 18402 14124 15793 17981 1212 14590 18325 2392 9082 15444 4174 4377 10119 1244 14873 8480 14129 14926 12195 2957
910 35
7333 3057 1345 15958 4753 13872 8960 9908 16860 9925 18697 1540 18136 18243 10047 6563 11184 7974 9597 6674 11221 9092 16463 15830 7631 14592 3979 4840 17337 18171 2103 18525 8292 4100 11233
5928 35
2141 16233 2788 7464 7844 14216 12212 11572 10638 18817 17475 8685 14983 13137 18228 10296 5284 8873 18030 17355 16493 7343 1164 8433 9221 13676 17167 2083 12989 9349 18484 11552 14136 9485 16888
3283 34
12770 7053 4449 14334 10158 15882 5266 14452 16343 9755 11422 6645 559 7993 7852 522 6200 16886 3030 1552 951 17488 14112 18154 9394 16276 6611 6441 13874 11441 17979 12487 12568 11638
848 35
13233 12818 14491 1559 9384 13795 16836 9491 5023 487 6395 15522 11496 16459 14468 5330 7554 4604 13651 14400 16108 16850 3740 3414 12562 4186 705 5283 15051 2600 10824 3949 13571 10502 3210
4381 35
2837 16884 4233 9658 3793 3146 4033 9897 940 11351 7439 5850 2531 17784 13325 941 10470 6847 13356 15433 6470 17700 6379 8015 4990 2556 7741 13852 15715 11724 8595 18428 520 10094 13630
6425 35
11858 5757 7254 17449 8652 2395 9605 6018 12807 14942 17086 9218 1021 10565 15525 6646 11655 11522 7646 4376 7018 2843 15632 5870 11094 10049 15596 13453 7560 4321 9336 13107 16502 11073 1003
1692 35
2731 3545 595 11042 14481 5618 846 1818 16939 1292 6142 11113 2762 11493 1808 7721 8242 11443 576 8638 17408 17316 2924 9933 12241 11007 11812 5399 7909 9947 13340 2640 2941 1964 5317
391 35
4489 18638 18252 18761 8004 17778 14084 11643 12058 949 1909 16042 11092 7013 17842 9566 4076 10718 16195 15511 11611 6291 9808 4091 18238 16378 10466 15322 8066 10917 5324 5542 11936 6104 16791
5405 35
2359 1056 9584 16320 294 13408 8324 3918 8844 13931 4910 10437 14024 15925 9439 755 11346 18808 1733 8633 14279 8421 7514 13227 3388 18420 574 6723 4830 14037 4570 15160 1679 993 11533
5950 35
6638 18354 9757 3195 5598 4276 15341 9918 13486 10374 16934 13338 8325 15700 1387 2753 4065 14389 14820 8420 4027 4554 11919 10810 9296 11154 9402 7341 10439 11549 13258 13504 16302 1744 15327
3748 34
9692 10195 12604 5516 8363 2755 9340 7994 14145 4508 14355 12466 2618 11806 12227 4309 3934 14732 13162 8604 17070 8920 9038 1381 11517 16322 15287 12470 57 1409 18671 984 8328 5930
3034 35
9734 2233 14662 16660 7732 10631 8170 10301 14078 11983 8773 18593 2966 4675 2099 16743 13153 17505 12275 10975 8524 3982 8969 1415 1785 18619 12381 17955 6803 11617 14513 15689 16768 11932 10322
3063 35
13958 8921 17103 4590 18006 13771 185 17220 1227 13519 7128 5985 17690 112 8664 6830 13467 12560 10481 17685 10509 18052 7918 6308 7997 9285 931 17087 2400 9087 4800 14192 3137 7226 10576
3612 34
15124 4257 4900 1633 6159 18070 4575 8068 13007 17371 8944 1529 5830 17758 9847 2782 5959 3605 12977 17347 8992 10082 16703 11246 12108 7696 3594 11928 3923 5101 151 7847 5611 15508
5929 35
13861 18327 6024 592 9054 10888 1934 14874 10305 5763 9003 17692 13779 10192 17260 1373 11316 11736 4302 9506 11939 4270 2299 10008 16730 18731 3688 17797 8462 10625 5277 1447 13197 2983 1069
6764 34
1093 3223 14899 3756 5394 2678 14715 11104 4698 17829 6203 4235 4161 7505 8037 10911 1267 3999 8761 5078 10772 14996 17088 10316 14341 68 1375 15621 2468 18158 6828 17794 14354 18711
658 35
8034 2136 4647 17410 4768 2502 7085 17058 1160 10467 1312 4405 3011 2269 11339 14763 4522 91 12919 11783 6399 3220 3048 13959 12362 12294 6251 18606 13801 312 6634 13413 7612 14842 8523
6855 35
3001 2693 18674 15571 17568 3079 6740 10885 16202 191 5670 8615 9368 5059 18592 11329 7488 5876 12444 3362 1626 2143 7934 2174 9953 2839 18305 15796 5109 13374 13045 11879 16316 3377 14228
11 35
8136 2193 12229 816 4566 14386 11126 2823 15766 9926 6199 8910 10754 5508 14508 315 8457 8905 17 1500 10497 17201 15339 14934 11825 14893 18155 10935 7756 13368 7882 16556 3519 10763 3898
6612 35
9377 9131 10269 6437 8866 1114 18526 16728 8663 14287 9079 11990 6401 5304 2186 7843 6569 4119 12398 1502 15589 1055 15381 8212 16483 9514 13129 3446 15742 11362 9049 8837 15541 6924 413
4782 35
12811 6504 9766 11107 2908 4687 2988 3193 4759 6688 12930 15837 11567 17736 14894 17122 12523 13813 5760 10652 364 2807 6475 6965 6302 3747 2165 14093 2965 443 4716 2774 9286 13572 17230
3488 35
7922 13560 15941 3722 11111 17226 12747 2470 12131 11297 4466 5297 5597 14903 13031 14912 8796 11924 14897 12646 11142 16305 2390 15875 14806 12218 1946 2202 13616 18758 1983 3532 14677 14560 5401
5870 35
7219 8131 17113 7522 11447 8978 8103 10832 3229 11436 5898 12909 12855 3691 10348 7870 13355 15383 7572 6548 6812 11703 18504 8373 970 12847 10284 2228 8907 8958 14505 2158 10649 18723 4630
7392 34
17649 12037 17193 14489 3708 4050 12214 2572 12990 5928 6885 9034 15161 14931 11049 2088 6028 7416 13143 12173 13961 16151 937 11387 10875 4991 15014 15162 16641 5553 13064 10827 5476 14392
2875 35
5653 8553 1705 7299 4156 18282 13578 5687 8195 9932 16528 5440 1900 3471 2506 15935 12731 8842 8181 10748 13660 10234 16843 17328 4820 7971 13091 16785 10138 6107 465 3901 3343 3002 10277
3481 34
8575 9946 13481 3543 12971 3453 11437 3006 12332 2732 17469 17976 15073 15904 7467 17922 18654 10326 7108 11579 4388 3852 5604 12983 8318 9409 16682 9385 344 16243 5421 7671 18372 14585
5368 35
9187 16623 14368 5989 5450 16028 15354 10090 10712 3525 17051 13716 16789 10354 17083 5822 2371 12768 2273 3197 2842 5253 15591 5931 4881 17268 9273 2398 3667 930 17816 11187 18278 4431 13477
6554 35
10385 5622 12609 7613 4524 13387 4685 8192 1546 9346 621 15779 16758 18117 8463 7884 18041 6473 2756 18786 12736 16482 17783 11980 149 6210 1266 10669 18232 9823 1567 5054 3771 5983 7771
4015 35
6486 11123 2629 7316 16294 13389 2124 11793 5136 712 12694 8187 13461 11237 1404 6280 3389 3847 8627 14369 3058 15000 9393 4218 3829 13512 9748 3925 2272 1624 4120 14089 4074 7583 2237
5326 35
5372 5368 15092 6927 9796 13935 17627 6327 18717 11275 15446 10056 15427 318 3631 18384 9011 1817 1198 14407 7679 13906 18477 258 9803 18250 14765 13663 11751 17145 8177 18101 17673 9189 1621
4802 35
14150 14729 17716 3037 8229 2728 5533 14375 2494 18339 13903 10639 16857 10666 7120 10291 7007 11715 11735 6464 1094 10206 649 2227 6921 932 13658 4740 10039 14473 17775 126 2433 4826 16070
8393 34
8175 3475 11946 10826 6384 17631 13212 2135 11098 9028 8455 5863 15515 11478 10865 12475 5485 4653 16604 6592 3031 5397 13829 12393 1901 16425 14848 12546 8055 11159 10800 8451 13548 1765
5341 34
14857 5663 9177 17079 1615 14088 12083 5698 14632 10345 11786 17249 13423 16656 4846 17666 2164 7674 8045 10581 5247 13760 10940 14710 14850 16570 1304 1961 13487 10215 16747 10363 16466 4134
2180 34
11040 4829 5783 15743 2581 13445 593 18319 8263 3053 12263 12141 7684 5882 10185 18537 2054 11342 6673 2030 11677 3278 9768 6766 3421 5452 14868 14995 9739 10798 624 18400 14115 10697
5004 34
14657 129 18827 12167 18535 17373 2343 492 12437 15395 18754 13249 12788 4425 18414 15865 7658 15399 16176 8094 467 15947 4245 6845 14652 18392 13747 11156 18189 9569 7915 4261 2285 4166
1555 34
3674 5960 4327 358 4886 7509 8782 18505 10890 5436 582 4750 8091 16715 8891 10432 10042 1998 14048 15533 11729 1557 10492 13523 11137 11904 1196 188 14458 15004 7904 3561 8666 8502
4768 35
5234 1590 2044 10524 1236 15232 17195 15719 14988 13076 7503 17383 4019 8943 985 15018 14257 9508 3712 11112 7310 1960 16381 3257 16716 14525 13671 2857 15986 348 8039 571 15265 6505 5905
4767 34
1689 889 14748 7565 2081 16071 16951 17634 5887 3308 3248 3081 16193 9051 13514 10085 523 6221 2875 6149 50 142 10969 8069 7885 2750 15212 7086 9200 1768 4922 1011 18012 16997
248 35
17421 12956 8333 116 9613 4105 12170 5566 679 18645 11723 16739 4744 17279 15394 16023 8811 3418 15203 8194 1777 12621 3327 6623 10484 16359 16035 1000 5700 1715 14440 17460 17926 3787 232
3596 34
5423 18700 7168 17515 15390 333 14936 16863 6589 680 10332 5035 10381 6701 5913 6343 218 4025 4972 17510 415 5461 304 239 1007 7783 9882 1599 4264 11469 1507 8099 4444 18433
1942 34
1795 8790 10451 1341 11868 13917 5456 9521 3108 641 15245 11641 3599 15784 18794 9693 5626 838 3951 4112 4494 16840 5083 16837 16753 11340 2438 2958 7469 15734 3753 1099 17840 12203
5164 34
10268 4304 18378 5711 5031 4181 6268 14798 2324 11254 13948 14208 1019 874 3233 6112 1421 5860 5582 12995 959 16370 17968 14777 10219 6477 3721 11180 11280 5524 8980 14997 4470 14582
6061 33
7558 16438 106 2034 12543 3665 3401 15815 12603 4549 12675 14895 14285 11430 11307 6021 16827 3425 551 12832 13857 18796 15542 12584 6326 15527 11282 4187 5160 9789 13527 4623 12328
894 34
5139 15149 531 5489 17050 7258 12975 161 6347 6578 7561 6147 18492 8366 18108 6783 14676 13405 9971 14260 15268 8186 12053 1712 5398 7430 12923 9609 17748 8760 11056 1286 2528 11365
2725 34
17412 11036 18570 6305 3047 7317 681 11537 2072 3804 15529 18249 15531 17059 15180 11650 7973 10226 2736 1584 18054 7623 8018 16712 15005 17011 10361 13284 18775 11198 16437 1767 8342 13252
3044 34
14998 4146 2719 14388 14099 11207 12516 12932 5993 1436 7742 12133 224 11 11245 8487 5781 330 2377 10232 1347 18705 14158 2856 13827 13206 11321 13986 5966 17301 7473 6632 6425 14816
2252 33
4292 5825 14035 8225 2204 15422 4127 16448 1782 274 9985 9304 17149 10571 3952 13785 6587 17787 12088 14233 5154 10593 15357 11127 6829 760 16948 16497 1346 8966 4798 6209 7022
7818 34
5673 8272 7506 12678 9096 7425 6151 10722 9090 5689 2270 15887 16086 18169 6537 1457 13817 17757 10561 2558 2969 1991 16472 15956 17177 3813 5733 794 9150 17419 1170 11378 12003 7758
6532 33
13516 7718 10267 14344 7767 17158 12656 13900 15998 18075 3413 11257 104 15125 13000 3878 14757 18004 16457 5276 16277 2297 9929 17613 6708 17705 1762 1625 1904 12164 18789 6841 12636
5642 34
8955 17323 3550 1272 5102 12867 4668 12422 12077 11789 15814 4153 2127 11032 12320 929 3165 11023 521 8262 14012 2601 16900 15712 5755 10115 13941 5739 16024 7804 9957 14869 7005 16164
1709 33
14417 9622 14858 5787 18403 13003 11269 2464 7827 12166 7863 13094 5187 417 513 12659 124 5531 4473 1665 9254 3757 17253 15380 6665 18629 1491 8634 3536 17368 10651 2271 14021
7066 33
18513 6275 12391 14401 18832 15600 16006 15858 7530 3067 18554 1919 16140 16150 7433 17688 17825 17049 9109 5971 3597 11070 340 15281 1746 4977 5122 1619 18501 1280 9614 15617 8406
5312 33
11319 11805 9297 8140 13761 10448 11570 18205 10009 18467 11448 12601 17284 17403 995 16591 9852 3752 6561 18102 2312 1434 9540 9660 9563 6531 1224 6446 3112 6454 5929 9395 8474
521 33
7762 8146 18386 14774 17544 7250 18110 8748 2351 9617 1958 9689 4107 4993 12401 11575 17857 16344 12967 4567 3132 1319 18291 1916 9950 12597 1522 6358 8408 707 4797 10164 14792
3622 34
9355 15514 6375 13981 8218 11235 1879 11247 15214 13200 222 17614 13176 17263 13639 9856 13957 18198 8221 6144 14523 14837 6397 16560 14750 15196 16648 17255 3977 4681 12104 10573 9601 454
618 35
5525 5198 6069 6790 2930 10283 11704 17566 13098 1526 11052 9513 1282 6935 7815 13882 15543 5358 9515 6502 12061 4850 15775 1466 16011 12089 17541 6825 14446 6888 1296 18441 357 11607 13165
4034 34
2775 5264 11080 2748 11959 15684 1141 2945 1722 17911 9477 13815 8717 685 3791 17880 5680 9600 17789 10196 7045 430 10128 18556 10744 9072 3844 12530 15965 11045 18099 4509 8021 11910
6515 33
7517 9816 2630 6802 8804 14198 3778 5941 6447 17467 11777 16968 3617 31 16553 1962 16234 5043 16280 6541 16044 17102 11102 18132 16980 10323 13792 11999 16014 14457 7346 4481 3331
6402 33
4331 17996 7068 16487 15852 7217 18529 788 10259 10252 11835 15723 9459 3863 2898 9490 15266 15806 9640 11680 14271 2048 16275 3933 18370 9585 9999 844 17956 8488 12482 13277 6228
5733 33
2348 3698 3142 18760 5577 9595 8578 284 15804 7928 16733 5220 18281 859 15927 3320 17470 3770 6542 2994 6118 10761 2157 17851 5556 494 14384 5443 3766 3219 4793 3941 9821
3824 34
4092 13321 8856 10983 3465 10007 1994 1823 6737 11495 10271 5210 10125 9475 5131 2922 2735 14948 12202 3944 9921 11454 13964 13538 15638 565 11068 2166 6695 17706 14025 18208 4272 17257
3441 35
5299 15909 4478 6946 6702 5857 7463 17604 7405 4939 9212 9026 14541 8476 11069 11988 4334 13491 16732 14721 12573 16714 14853 11500 3017 378 11046 9433 1167 6215 5380 14578 5896 16541 3501
5634 33
894 1368 14964 13357 12927 18195 8674 7291 8381 6693 14584 6831 7536 3815 16414 15260 3135 4544 10708 5292 1984 17737 14305 14693 13876 2882 13680 12704 6108 10964 16270 10098 17532
5318 34
3291 12034 16499 63 5828 16831 6361 3422 639 11494 15015 2881 166 6239 15690 2979 2824 9125 15602 5014 8311 13366 786 17447 9958 18293 2345 17934 6453 16144 1384 2407 16047 17997
27 33
7179 6628 8495 960 8924 2818 8503 5312 13752 1199 11585 17876 15378 9671 11921 17093 10143 10297 1836 12070 18567 17755 15022 5307 13414 6877 9980 7941 309 11310 10419 12619 396
3589 34
7765 12686 10635 8942 15236 10526 17720 58 4752 7382 13412 1322 5044 16807 1053 13319 8917 16535 11371 8667 3250 13058 14533 18718 1929 1325 9468 17729 6237 7682 15737 2016 1458 7493
3212 34
17569 16190 10828 6376 16281 8393 605 16458 8163 17682 3645 5144 10203 17191 13229 1480 16217 18752 16940 18225 5271 10208 5724 16855 4013 2657 13183 5505 10871 6293 7632 18083 14258 13330
5108 33
2660 12457 1101 5388 3241 10108 16769 7986 1097 2538 9235 2012 6950 9936 5951 2053 7183 11063 11578 5784 11234 17384 3795 13501 7801 3567 11973 7249 4582 15128 4041 10685 8952
5217 34
3730 4148 10074 14002 7808 16549 2394 6323 3270 12023 1908 6568 14105 4171 8377 14004 10737 515 12455 6772 4380 6301 13517 12800 9558 1333 15816 1186 5348 11084 7750 4297 12306 17777
