35
4927 9
8550 46636 3912 53963 53119 44835 62236 63312 67542
881 9
71064 24436 59031 72265 18990 59228 35562 15119 60824
5002 9
56129 58224 14662 38892 75482 14149 7066 41012 3834
2973 9
77125 42170 26636 63963 5370 24906 63904 46189 68081
3583 9
13491 70204 17906 60086 13189 41247 61233 57836 20775
1033 9
56592 2731 38046 24648 62548 26538 62957 13842 6743
1137 9
61045 28534 58451 11012 3095 11242 32166 67021 14299
2671 9
10036 17344 51643 22395 13338 10660 20512 40688 8095
9277 8
39846 40783 38568 17984 75933 54520 3060 28140
7336 9
64729 65306 9940 30949 40884 17208 32595 26248 73795
1158 9
5504 45284 21335 73822 49347 31073 32388 37181 20995
3596 9
51191 54317 57408 75740 7280 45880 48436 72675 71737
3585 9
16769 7983 44438 64581 32068 30712 24024 10599 30402
503 9
67582 16485 14639 74583 58280 24499 30390 44494 33095
6476 9
75850 51948 39430 76345 72042 8462 38944 65580 48547
7455 8
14182 39480 49804 38725 40969 34119 4581 35699
7284 8
66901 58840 33783 15458 10668 18476 72317 57190
6437 8
33439 9383 58506 73848 65905 13982 5146 16159
5569 8
67239 25481 136 60097 47724 35392 46098 47968
7684 8
3056 5223 72566 63344 52675 71598 22221 70078
1100 6
67826 26651 37860 53995 51067 49686
8345 6
45326 15744 73815 45697 12093 62227
1840 6
4570 26315 75062 1695 10418 19907
4314 6
37220 77009 58199 57023 34594 66558
9903 5
24786 59448 4107 27081 71020
3759 6
67992 73077 31231 19932 53191 48880
6870 5
33296 2202 48930 59451 683
6056 4
17011 74155 14486 10117
1436 3
58513 43008 23246
3133 3
10822 44370 38690
3651 3
59650 1917 13968
3036 3
23855 3836 23334
5726 3
38670 725 20692
3361 3
59876 44765 52347
7 1
31006
