9
515 277
29322 77370 23154 28156 85787 33963 72770 87536 59988 88900 18435 15288 84501 45889 39037 96720 79589 95365 35590 62715 80778 77163 90496 58321 35153 42603 60334 52558 30660 42452 56824 40515 81720 22534 24585 4120 56750 21393 43461 45751 70935 34930 73281 70331 41153 17210 32261 702 97887 52493 39006 51030 30233 61961 68168 80446 96597 49158 74794 28610 32128 43947 67028 19886 83807 26867 96513 12077 74234 58252 79639 46341 64663 90116 3702 20639 7715 4635 75756 74582 6981 94975 57269 58499 10435 50680 83237 17208 91870 73498 9865 9546 17711 99248 12298 26763 76862 57367 7915 50653 21422 91207 52433 45627 91653 70031 85530 12034 2969 70927 83818 95779 7823 21247 32951 20536 30215 51301 94635 53776 31723 89342 77043 95503 10606 1829 64421 41805 51118 77065 1277 12807 16853 12663 30044 70776 41713 62298 80965 42804 47823 13612 72815 50734 68408 59533 84034 92989 82027 9186 89079 46285 88291 86507 62616 51096 84278 84385 68165 46207 51656 36939 40141 41184 34028 23395 91475 3388 49575 10977 56929 77296 61375 4043 61790 99763 64020 46470 13019 79242 57101 71678 32661 87226 66125 58887 30766 14109 64415 90906 3773 67487 10440 87562 71484 20512 65266 15639 80310 79862 39389 47523 82403 24567 94186 6504 96790 5633 40787 39324 72814 41883 33561 78639 91286 85176 28834 96036 37512 87634 37404 85990 41279 29908 66219 10998 73543 3209 20499 41177 7005 14891 78301 95607 1068 72729 72737 5524 90387 6547 32895 40339 94437 63219 58612 53716 81012 33278 57187 52470 51465 61689 11945 38111 3056 19054 66108 33566 48863 67556 507 66303 78567 94178 2819 97974 66828 60393 31778 57329 98757 36297 65497 1509 61234 48763 40274
297 196
71593 64298 63680 36237 18916 39186 78782 73689 87595 80193 7922 93918 31269 22640 49557 35138 38205 18693 77383 90805 90126 67000 15192 353 71417 8264 64165 89202 49225 58588 47299 35544 4475 74486 14645 33534 75817 70882 96929 36533 16277 16774 96434 19552 93862 41324 14274 55286 21066 37593 41474 95168 57412 51275 61695 2161 60925 37937 23311 3340 28382 18295 28487 21695 40253 30400 43037 78842 79361 33205 4217 93688 17200 16501 71611 11630 89842 36397 96587 54698 83757 81359 21862 87069 51462 98836 71017 43982 32472 53614 64200 35611 27930 26364 62542 55446 82794 3609 15877 46884 18468 12218 82314 90043 17186 74431 97670 99241 84828 32607 78093 15170 33153 13620 953 64568 83274 66757 73753 8368 24213 50201 23143 39807 61437 58860 11770 37529 42601 73290 88810 67881 82307 36506 24312 67073 1489 54254 56583 35348 65865 57650 56753 66132 38322 71424 83096 69709 57518 20463 57316 84823 66078 70410 65249 44712 46452 53592 891 35613 88566 49354 91643 90888 76979 38146 83024 76267 8200 86775 5743 60129 15475 77861 58729 11040 64737 94008 39516 26792 26264 71372 877 7552 27406 49844 50638 56127 37890 66861 98396 9533 36894 26656 23871 25786
1224 130
12817 64777 31901 99170 99074 74196 97951 5513 42570 95731 30228 9526 97282 1137 56833 4839 3421 24319 93992 92685 50332 10683 34504 44259 50719 68470 51070 69172 65361 3999 49747 30110 4962 24480 25972 20291 26207 83709 31073 24798 55211 80727 10066 65759 20826 90889 191 28188 13666 63922 35265 33555 27516 15680 81799 70542 47417 65733 26773 20621 84306 11809 49772 51309 85 54286 51000 82477 54149 20352 39598 29843 53095 51281 3400 56642 31578 75559 4967 50563 58744 3404 88182 38181 91359 8883 68616 18532 75976 90887 38650 62339 2650 63530 5329 44518 48100 28071 89263 9729 25006 93831 28492 16580 12870 82072 18318 59317 63997 88618 23028 9649 35272 15341 23781 85579 39651 25678 85404 80663 43693 26701 9969 96131 66533 66268 61770 13980 8187 36617
807 86
63915 44505 15356 6865 11060 56863 4817 33809 59287 50677 76529 71367 29913 28947 22922 58148 2847 26368 43285 31206 22987 10309 81599 66830 76168 59115 88974 96078 13190 10411 22658 36919 38333 52382 9457 65242 16138 68635 80371 68672 77828 39419 69843 63349 53430 51923 61977 13717 3386 42300 35444 21319 1913 19231 50785 33250 85259 26385 85752 46800 43660 41318 87223 92755 57812 44905 69531 92062 16395 73027 83122 55372 84884 37903 97422 36131 17940 47099 24370 23700 31213 19367 42011 10126 32837 65542
1525 54
46517 63029 15158 63643 48681 73119 55618 4360 1979 77030 76481 42930 53264 10264 59211 53883 65225 49317 78608 65166 53327 22276 3961 33517 21587 20290 34948 15182 64592 4894 11627 38241 32003 75749 29421 3199 28187 98621 60199 46385 1693 48104 62503 5537 8438 53424 90483 25266 83568 22531 85911 20732 51890 48975
1513 32
79697 91083 37005 38863 64296 47469 35506 62488 17377 57452 72347 89688 65626 10726 80340 65727 62857 41712 53863 17066 46949 58091 34580 84657 7175 94940 99261 64859 89535 12723 16574 63475
780 20
28015 46169 57580 62401 41119 65400 2942 31779 57429 28940 90382 87077 68393 17692 87004 88535 79922 51823 59297 15866
538 7
60143 56979 89527 21777 4696 13596 29446
1 2
93503 17698
