163
0 9
1203 56904 76473 49943 17527 6298 48922 24678 5026
1 9
76886 64774 20003 7251 57200 16479 64043 72568 45699
2 9
4993 64115 21680 16334 22070 27052 47272 54584 1225
3 9
57615 39379 31214 45055 34671 23981 57281 44344 35527
4 9
77544 58157 36648 50474 33481 43595 51824 3483 31780
5 9
40316 69418 31565 57443 66659 51964 75021 71325 10453
7 9
50885 22554 41338 7743 72741 73933 56025 36468 57419
9 9
56477 72134 28820 42890 59837 36472 48865 46356 78408
10 9
32319 19343 359 25642 24402 47770 48567 16455 20842
12 9
52992 48520 32057 8340 26766 2327 68853 48404 13278
13 9
43425 1036 19197 79642 11723 6773 64244 26724 23391
14 9
55122 48015 72039 37260 10525 47907 68457 60285 53638
15 9
41660 8341 10426 52503 11607 35781 50323 70312 60810
19 9
43087 51420 49764 42081 72448 37597 44551 4345 70938
22 9
12240 62551 74 48278 63861 23882 48736 26018 40397
24 9
51022 69396 18886 66011 64174 74021 43235 47053 51968
26 9
40218 45886 38795 23375 45605 51697 28232 30621 26778
27 9
75589 73532 16090 56848 13509 30107 65038 31488 55621
30 9
52885 1284 21566 30754 3568 65490 67196 22065 28610
33 9
64916 65766 31715 7561 65193 10772 71608 16911 3309
36 9
17469 58456 44995 9508 9892 43783 65485 67578 34006
40 9
29844 4474 71273 41006 74626 64955 69595 67585 78532
44 9
7614 12073 7521 79313 40906 71177 227 62627 2586
46 9
79377 35178 49316 42423 23496 60609 25514 74743 46717
48 9
4821 41102 12689 9944 30155 15715 79508 19659 4304
58 9
15280 4392 27333 32432 73221 18000 13661 5505 5579
60 9
24209 35141 7956 3820 24636 9960 27233 34091 51546
65 9
2962 40471 7115 54054 28672 12252 70982 2670 59394
80 9
8137 48107 16729 67385 62559 34597 46028 69611 74205
91 9
32662 32299 7302 6149 44565 78863 9663 45626 7332
94 9
45785 70145 3304 65849 65926 44648 51276 42157 38268
111 9
7914 17712 51462 55018 42622 51797 21083 56192 74227
119 9
42405 15141 32718 648 14670 63048 15475 8459 76535
160 9
21965 32287 51062 43678 8441 36011 63365 63882 76677
163 9
61959 72118 31835 45975 35502 17490 75294 18188 45972
170 9
16011 71919 57646 78672 6243 3396 21399 2867 74888
196 9
50111 6150 46838 10729 33701 62916 74943 51611 54488
220 9
54572 17814 71306 66041 31150 27573 57243 12798 54487
233 9
34836 6504 78776 74347 69591 30000 5928 17939 61457
245 9
30071 18830 32661 30772 8358 11171 19440 50649 46846
247 9
36780 74491 31296 17621 74019 37409 69009 47353 48109
252 9
47696 25923 61418 47599 70638 47774 19000 70756 44792
342 9
54504 1766 13894 55321 3219 70360 21583 20272 19326
386 9
8114 65781 18313 32172 24408 76028 44972 79388 5810
425 9
32303 67084 70731 51335 4680 23195 45197 74232 66637
427 9
74077 25282 26728 68513 47746 68227 65913 74804 36675
516 9
59622 21619 13510 25402 33364 25370 58885 27258 48463
622 9
65030 52273 30720 61558 12012 69994 40799 17212 68703
668 9
20541 78316 59223 6254 19710 49691 36834 58192 74639
909 9
78684 10250 17686 33243 26027 15713 36000 25375 45813
915 9
1866 10407 38399 59468 10559 8983 46914 47567 71129
960 9
17494 24216 8628 63719 69903 37433 20025 38299 14831
1009 9
58848 52425 45471 37840 25951 27062 45999 10439 5340
1039 9
44824 74145 19969 66076 18678 49 35409 14270 58571
1100 9
73158 57331 75710 68017 46853 31999 52326 13094 54921
1347 9
31058 38794 48863 51767 18375 59266 32449 39268 37923
1440 9
55411 32548 17173 57029 30743 8886 57248 19815 39738
1827 9
28446 19566 54233 19770 43757 1066 11310 48290 79362
2260 9
68176 75085 58389 56942 17936 18960 78019 28101 22456
3056 9
36135 31099 53651 62901 9642 58311 61608 71746 43531
3705 9
31253 22185 59924 61692 5208 58140 22417 55821 2394
5346 9
15881 58486 15949 28260 2580 70741 79433 46570 51555
5651 9
41327 13320 55264 34691 44521 23788 68101 27570 55110
6938 9
19531 6292 56209 37798 30005 18371 19708 59159 35176
7144 9
54468 44863 25331 53888 6312 79398 25486 53733 891
7232 9
63753 50130 24459 44771 6090 30151 77011 12713 70528
7514 9
6031 53471 24475 27726 70962 54770 7580 41204 55061
7636 9
20135 39707 33572 22054 35900 22160 3293 76269 30389
7978 9
22436 20730 58143 2333 56615 44717 853 26781 50342
8498 9
75772 27516 22415 43296 18264 72414 6042 73472 47958
8509 9
17319 73983 8925 56735 70591 71050 64909 27840 23822
12693 9
57796 34128 55850 26588 60548 70576 17211 55258 19887
13147 9
33102 8005 18568 7529 43703 18451 76951 2540 58390
13479 9
73752 39624 35299 78910 61505 69249 67492 11344 13533
13550 9
61638 45316 48500 3307 33829 37834 3908 4665 72537
20141 9
7286 42601 45319 53508 71173 8401 74910 36623 35948
473 8
34866 33699 75444 11987 18324 32063 65437 57895
1012 8
67881 39748 53429 19042 2080 46300 51857 2318
1280 8
6146 26934 58762 14373 63169 20028 18453 70784
1310 8
4317 24640 30914 15095 58810 37014 32828 18094
1522 8
57228 48883 71731 7224 66711 18150 77877 12741
1651 8
25745 75356 6126 48093 6899 65731 1506 23723
2931 8
24380 15951 16182 42849 20554 29148 45371 37782
3053 8
61126 65318 22985 23952 69016 16638 31199 65914
3206 8
78680 79039 13224 42894 67476 31034 34370 57098
5131 8
12245 17714 33127 11071 32976 13716 5681 61456
5390 8
77823 31685 33109 21886 33583 22308 3850 41872
5774 8
15714 43379 71950 8434 68331 40805 12639 37687
7747 8
75441 47032 32554 60523 3715 65999 61352 42261
10554 8
70043 13240 63942 52045 31888 8377 51096 51800
10889 8
5891 54355 40816 47807 63537 45687 61563 27952
10982 8
36886 60159 25685 12353 32134 7446 23849 12062
17416 8
54068 5650 61936 78813 56951 59536 11562 13553
527 7
26929 11770 70646 46664 32316 64343 4361
1029 7
32065 31578 35398 7069 36895 26819 33643
1037 7
19667 5317 5507 12681 7966 459 9210
1087 7
12826 42123 16865 41912 42286 7458 49431
5794 7
70577 992 29413 64703 38058 46114 16771
6161 7
5429 63803 11838 74698 40294 26360 61493
6412 7
4865 16986 30109 78843 42330 948 46589
8783 7
51375 3693 35326 23508 12586 43441 40232
10654 7
41726 67575 4974 44047 7662 50320 27632
11201 7
22381 51345 17782 60201 45244 27175 69003
12324 7
5598 66240 12312 54326 31812 40864 2987
13804 7
52350 6302 72603 26949 78363 77443 17830
14444 7
64551 50707 1625 30234 55037 54931 57832
15207 7
19851 58754 13421 9990 3807 28883 56384
128 6
76585 13620 36497 5671 65602 51608
821 6
23468 7975 58537 9497 32939 11684
836 6
40595 43053 46750 58451 18969 42100
1617 6
47076 77700 41429 54533 24666 48809
2612 6
32965 39815 44116 17832 39011 38388
2847 6
7294 62213 67154 57442 29508 44914
3143 6
48423 16581 66355 75057 78612 66968
3731 6
23983 77273 21480 27421 76888 21518
5420 6
74811 36724 13991 38666 59921 34622
6603 6
530 50182 5963 1907 74958 34568
7162 6
79736 25861 62008 57008 49625 59493
11785 6
45096 37041 100 63705 51469 72735
12526 6
31374 22298 29667 16242 13815 26288
12760 6
44448 27055 54193 59201 65556 19776
13388 6
50487 60875 12242 41882 43828 14808
17465 6
64330 49594 35277 72637 259 43528
823 5
63319 43337 58895 30525 17512
1033 5
36864 56945 46200 57461 37905
3341 5
26229 64684 38396 48825 75751
3722 5
25341 60045 66879 14009 376
4020 5
27977 34738 39319 18004 46026
4085 5
2972 38742 6477 2127 38992
8226 5
44923 48451 15488 76194 29012
8327 5
29549 37589 79073 51012 7604
10930 5
40942 48100 47777 24471 6739
12866 5
25057 77364 50336 69134 9915
16133 5
16115 47425 67898 48259 66656
358 4
76790 69667 37216 53853
483 4
10061 39579 72635 16492
554 4
20301 74721 4051 44453
2514 4
15090 4289 55959 42133
4574 4
58088 75100 43319 976
4581 4
28724 51343 40129 12426
7501 4
45013 69420 63877 26859
8993 4
659 58089 68240 35105
11068 4
67876 50051 4793 3124
18520 4
79296 53317 74442 10296
18607 4
32562 1801 39517 8748
18840 4
17323 12931 40329 56256
1676 3
16373 19193 72005
1829 3
67904 62744 56852
2243 3
13211 2422 58726
4380 3
40934 40113 39085
4717 3
56589 66933 44730
8653 3
32214 57877 67529
8957 3
21567 36920 26195
11214 3
38314 1026 60620
17122 3
4699 12474 35974
19400 3
6678 74668 50756
1095 2
4561 20722
1789 2
51218 33808
1805 2
29737 18079
1835 2
55144 37192
5192 2
34343 73962
17782 2
12361 43022
248 1
54535
