14
199 133
43006 69848 18831 59520 39224 58726 15973 95402 57359 24282 51050 25599 56945 50564 50087 5780 87861 3076 62408 31876 24352 79920 34502 53583 42884 10691 92691 91323 48465 11905 549 16746 42412 94745 39038 51286 14791 58914 37493 71294 81709 70307 18977 45215 87713 38851 43755 88434 8918 29862 33030 31365 79844 86778 53389 47906 77692 42822 67692 73625 32568 47323 38576 51954 30953 30119 94509 19121 83842 66305 54864 99420 79670 92260 80696 69508 6613 11035 55952 91448 68471 4220 75985 50691 11250 14458 71001 30345 94884 73355 29685 61799 74888 1320 61565 21780 58145 68198 81323 73337 7013 99650 5582 6409 64391 30265 99695 82186 3216 63057 1579 14964 86166 34886 48221 31203 65784 22743 42814 13369 39091 6707 32249 71245 41008 8409 54639 79440 8449 82715 17697 34575 18507
391 115
77796 90323 94861 27883 97809 62810 96730 66946 73970 50088 53137 21425 52404 367 52681 99788 22277 12232 88340 39308 32044 15653 96991 15071 35027 10942 75673 85093 10464 67679 96564 50071 60454 7497 84663 45262 294 67391 24956 53779 38511 78900 50848 83740 98549 73432 2393 69041 59661 48325 54000 1877 6905 9946 2510 11962 42728 18991 36134 19552 58520 90065 1054 86471 18656 71153 86416 40638 26399 13356 2150 3057 66328 54146 28024 32104 90512 68828 113 28769 6454 11135 82831 74481 9332 68096 63442 93678 50709 12936 11376 2996 5939 21193 77185 23662 58886 16438 43701 44384 27203 40809 66336 78425 45321 15883 91948 5800 28964 20680 42059 70455 496 27531 242
968 94
16228 6558 27022 7484 27525 98933 71185 86463 78278 78697 6799 57328 37016 50546 90243 37908 21714 25704 89608 47021 21353 29551 93023 26843 88764 70740 81475 92836 70146 54843 31168 1194 12510 19154 33736 72810 53330 61598 91761 25707 89506 19573 52068 38189 20632 74728 64229 24904 46494 15461 81096 9309 70692 82072 41877 35263 53 20104 75328 74307 67871 53775 67443 7573 5753 3973 33478 47399 28697 97917 92348 66485 29745 30650 34414 38130 43934 35684 66105 94377 6690 70766 8167 75015 94 10497 57529 11740 79826 6008 22905 56116 62432 52326
484 79
50464 93983 70033 95909 54278 55626 9420 42289 31057 15165 34788 82526 57814 55304 65046 64708 23407 16845 96429 36978 16897 31753 80254 68946 4263 71721 98735 25835 94302 56766 98698 74468 16917 95283 8012 29316 58541 89687 3784 87866 69387 89719 83950 96609 54187 73196 15091 17101 5442 8566 82175 69639 17361 61834 8134 10396 42011 56429 37044 20978 98858 11448 78407 43466 51263 87232 910 86128 40319 97109 48527 69976 19682 59667 71838 54608 46865 48641 21472
1259 58
66957 48230 19834 5980 71658 39310 87095 47852 81779 7579 67423 25543 45585 45754 66391 60112 46431 20737 15058 43932 57274 39718 87132 45035 47552 29956 10339 22815 87656 40537 73488 40175 49845 93353 3878 33031 68529 1152 43914 34256 14735 21927 70364 16217 60743 30806 56533 83910 3692 89161 8429 34681 36425 36551 68723 32418 60552 24164
363 47
9251 87402 19231 22391 88424 5968 3462 95934 81993 28253 97776 25000 50413 55501 10212 10952 97258 97202 4079 89131 46478 58331 54992 50720 97832 63890 78154 47235 21678 9133 62202 60219 6148 42595 26819 56732 29375 44635 84012 35619 71779 20018 60027 33833 71050 18849 55081
839 45
39156 65191 42696 21574 17253 51100 30666 58292 67832 87891 56399 66117 19296 90310 15600 51117 47756 99433 35008 23928 87102 33908 55181 56031 18440 46091 62115 18340 41574 70609 44687 17687 12831 36070 9628 13285 74768 1544 72135 59529 93677 6260 19049 83068 76517
150 35
99432 74653 5551 92987 30556 87145 37946 66794 39393 77127 110 51084 80701 6377 78257 3984 16677 92851 4256 29600 92471 7549 92936 4038 23653 62999 64311 76333 38768 87562 24385 15821 94510 72849 42146
381 24
72154 96294 75037 53697 56151 62940 98701 69497 71209 43611 66942 51919 45726 66338 79820 87282 83456 53656 22439 94095 53973 5838 76468 30080
537 17
64589 97851 10668 48700 11226 560 53190 39380 48241 73770 17053 87806 27778 25759 91722 75034 1876
1004 12
416 83999 82686 69257 54127 44069 26126 75687 65847 84107 13349 58102
755 8
37125 77390 40397 2022 25136 95512 42483 39305
711 5
57404 42873 14800 50854 35354
10 2
68983 47562
