82
902 10
93782 22881 14224 59693 74107 27614 64307 31244 2414 4154
306 10
28017 20750 8497 41573 16488 33838 30395 26540 45827 75910
426 10
72320 42867 4001 12221 49221 4761 86248 57384 86745 27421
4162 9
8432 70701 473 36821 940 38866 32443 86358 22235
7169 9
19011 87080 24737 7564 54391 85692 92460 73994 20803
8519 9
83869 64763 5668 42632 41171 71153 13048 78078 80046
20212 9
27579 78945 31791 12678 74923 26778 41741 43537 78819
13135 9
87161 53813 26218 22268 71755 88619 57993 94062 4972
5664 9
601 75841 92957 17356 50461 65890 636 31988 68291
13291 9
92486 83756 23514 66433 47428 35593 59640 92763 62978
10603 9
64181 77071 36968 75813 29653 37293 32841 90822 59647
637 10
57403 6552 84404 1495 36017 62491 50007 2812 88566 3821
372 10
78177 92600 69697 57506 69308 50657 91533 34022 59207 53518
2930 9
12823 42543 6128 91182 22810 72572 26257 89262 20357
7847 9
83936 62374 22214 30564 34911 66819 80333 15170 4136
10992 9
8613 90269 74777 37268 89507 73629 64920 11028 42428
522 10
43205 25 4503 70454 82385 37913 71833 78952 61928 78018
3598 9
83909 13536 74402 31500 23275 27684 57248 41257 21408
589 10
64425 26577 73801 85361 21042 52259 53125 81620 14019 44341
20142 9
79899 66410 36362 64315 2799 47909 53004 8997 10817
3464 9
45776 14519 63332 79759 49097 17270 25939 41096 74423
23120 8
12345 62890 34987 59689 37601 40731 39444 6315
20162 9
5483 17390 14792 18918 19245 28090 73061 33628 66380
84 10
49736 53178 71849 44697 5609 52287 91301 32159 10187 51708
4977 8
48839 24291 38049 9585 66527 72118 69123 47101
24723 8
39575 81864 76950 41737 86470 17918 90969 59230
10127 9
10816 52134 89712 39910 6695 15487 46262 69487 51606
18584 8
3366 36420 16751 57996 7156 28905 26789 42547
24371 9
26982 80955 56887 23255 47878 23494 59817 81250 87884
20552 8
14532 73640 48504 5852 23092 45982 29827 54442
19767 8
48216 34472 89897 80278 78809 28657 13434 19611
19612 9
60307 72550 36963 65823 33875 94002 37938 74502 61479
1052 8
44464 53513 64924 48810 37178 69477 94081 46243
17192 8
13521 18110 34431 29956 74208 62070 30667 19448
20346 9
63273 53043 43089 68400 65052 44502 71300 50816 4648
7891 8
25117 44339 46101 72361 41902 90475 34158 79382
23375 8
50210 48731 8182 13101 77177 90744 68771 8278
1016 7
20849 71835 57921 7380 38731 9340 67739
18498 9
76732 70292 40959 86030 82606 64447 40336 91087 71397
5899 6
10612 12464 47873 31113 4845 35225
17202 8
19277 53845 58069 28295 30794 21763 72768 81424
13673 7
90009 54610 20747 78030 92177 52687 68511
1745 8
50380 17720 95158 29625 43158 64437 89114 53148
16915 8
2122 31938 19587 4266 11333 21919 40955 93685
3719 8
12153 2512 387 49467 13226 72848 79338 59762
1611 8
44065 89736 73079 70740 12726 6659 55270 61608
21748 7
4222 89759 2611 72744 93909 38295 83748
7792 8
57106 7634 8529 24043 67965 66458 92319 5156
16743 7
14979 57810 64582 26866 91282 80666 86989
10202 7
57014 89414 11422 13469 40964 61867 1386
5221 7
52492 34754 82625 28179 95171 60913 63642
13686 6
83670 67276 35284 25006 81251 49734
12736 7
18353 42015 93383 46339 68962 26293 88100
847 7
64903 59780 38465 26163 38405 60787 20717
3565 6
92106 92620 61860 37329 26912 58349
23718 6
33933 38818 89024 3381 63200 87679
13685 5
65797 46088 7790 41555 23139
351 6
68977 52423 94260 36634 95221 93448
14249 6
63291 31257 339 44965 26452 41193
24302 6
88401 43407 90488 92482 37661 8581
9344 6
73958 43510 21702 8237 655 36385
23528 6
42335 48515 19149 84048 27923 58382
14878 5
23119 24780 36041 85865 80435
18219 6
21559 91536 26904 37409 60112 28283
8632 4
88820 76456 89894 32137
4741 5
75380 43865 53921 64913 69909
10315 4
52682 32782 71437 54045
6707 5
58575 2068 21786 18444 91025
14859 4
11036 44475 95272 7989
15920 5
46624 36482 93411 44016 44602
1469 5
3007 78476 90439 7290 64261
15218 3
58513 68431 92672
2058 4
48998 44997 49627 42903
13161 4
4398 83089 80743 55599
2970 3
75853 25242 94049
12149 3
42040 34996 51252
6385 4
42301 5851 17864 20266
5859 3
56890 86001 30279
12907 3
69764 48152 44692
11529 3
15271 16141 53346
606 2
53438 29621
14962 2
48055 4897
