55
1389 11
25495 12311 6155 10512 97059 43612 38189 63719 96212 85096 11382
447 11
23578 93616 31281 69796 51897 82105 88171 49541 47566 68074 35277
412 11
18572 2259 80975 74744 70532 59848 96510 21688 1921 7106 8278
4604 11
1135 89537 41609 41630 11825 84734 36044 12064 66363 17444 91846
1864 11
82509 99815 22741 1188 64909 90254 96152 53028 88430 45562 68847
6644 11
18893 32313 95339 43079 73073 22644 45543 77589 87627 44147 34671
6787 11
12186 8386 45955 35393 41197 69778 2247 90608 92015 73184 63595
7661 11
4581 65782 91531 94440 29623 42295 40299 59232 85157 16905 98836
5853 11
2694 54566 39541 15070 68776 59618 28518 23861 96343 98143 42575
7316 11
52974 87137 22804 74495 94757 6715 97312 64916 52287 70905 69741
6902 11
64248 70671 70860 24529 14772 10968 30235 70003 21236 83377 19243
4152 10
71568 71185 14576 61285 86435 33942 51866 98652 15707 61079
6625 11
55232 93996 32360 19269 26073 17734 88302 21570 43226 23053 87313
394 10
8855 45742 65626 71870 67400 36029 91233 72940 41347 46688
7327 10
89772 61324 25396 24556 86609 64754 53677 29006 47623 5044
1175 11
74783 11852 26805 74017 42972 85727 8229 45981 5305 59402 52584
4973 10
11317 18139 49697 80645 98191 30798 4326 14740 50325 90405
5693 10
29984 87815 69470 17405 19317 62364 73999 14677 46362 89107
7029 11
42172 51076 33520 19579 78416 98735 7037 1203 7134 84059 19850
660 10
85148 75965 6522 69472 20636 7826 45502 78620 3915 67895
2148 10
53704 36532 28264 18116 57041 18076 64505 83175 21335 14370
6840 10
80226 7950 44060 5868 61758 83022 41329 81147 80109 28481
6649 9
29892 66756 27859 36493 47205 56854 16618 49244 93903
376 9
14020 65044 98934 88186 21562 23460 95243 47949 753
3518 10
90878 10404 5924 57218 20928 79687 96963 23174 77474 60797
4752 8
92138 70340 59641 66229 42198 53703 80572 55638
7139 9
10853 14372 25692 10097 21049 50089 51550 71328 29934
4982 8
91626 36060 62552 62041 71638 89211 23734 45678
4932 8
23900 58213 72289 49158 78004 41092 12471 88141
3693 8
41403 48626 75340 71398 10459 10974 23984 14006
7400 8
74827 34557 35667 67349 59791 77085 39631 46494
3605 7
55064 47223 15233 21955 48440 56700 78683
7985 8
80017 14579 32593 8090 82268 9566 81614 26718
6502 6
61284 53044 94898 97569 26834 21357
7079 7
5450 2194 52006 90509 12126 20355 27185
4740 7
13163 95315 7214 49101 82307 31951 82160
7357 8
41188 7350 14425 29696 87840 33902 74591 91748
6508 6
75516 67523 93380 81290 10355 27344
3001 6
5326 61974 66252 61425 4420 61840
5407 6
57995 48064 29819 42138 97980 33634
3386 5
13295 47752 57374 17005 20594
1001 6
28312 66757 61903 46429 8975 25469
7328 5
84043 17197 64415 51467 52706
6123 4
79559 24721 55835 14533
4788 4
66753 5600 66912 8295
4874 4
68563 9254 18075 27546
5731 5
29753 35887 28050 29713 43655
3635 5
17497 18601 64788 7763 17167
5797 4
44402 43728 73025 17254
1582 3
47176 50789 89726
5747 3
56006 37762 71663
4692 3
80174 12605 93123
4638 2
90228 55859
3701 3
22787 4380 35337
2729 2
90090 25389
