7
1963 298
62045 56682 17376 64638 36388 8223 68432 98552 34173 32471 67518 81110 4491 39076 86198 25524 31273 45728 96478 44728 34323 8675 77882 50760 69763 87593 36340 65133 67231 4988 91955 37829 60224 56728 27863 13812 60227 27958 79900 7451 62001 21394 94729 83841 72523 10162 69110 9514 64785 8300 77318 17083 6846 79400 25478 59834 4586 90580 85765 52082 80295 48871 77899 88922 40313 50143 93142 77963 93043 38614 96842 45738 25962 71900 8861 94001 49979 68834 13635 93224 44290 37449 5644 59691 61584 89791 28510 2437 86323 95006 60178 25724 63964 13261 70357 74550 32673 67247 86281 40902 73440 50515 13821 45199 88399 37741 21034 55511 93001 45076 16561 30103 65895 81073 61771 80278 39265 87672 13552 77 75408 41445 84541 84462 97789 9881 11816 83516 72030 92684 49022 80870 31738 29321 16230 12537 84995 13294 12656 83569 71035 43184 63176 73097 99507 95551 97389 3906 48100 92763 95908 23981 740 43986 99184 82900 76776 81733 14831 71444 40444 88249 54661 70440 10399 13352 1556 23718 44145 16092 85274 10189 92874 54984 19865 70894 40048 91214 63229 78573 87225 27082 291 74423 72115 22484 17823 52876 65478 9171 23249 84251 30215 37258 84744 96947 88689 61431 33058 18600 47861 42379 89533 32056 6495 18924 15450 91914 83280 11529 56991 51499 78735 88211 86452 56722 80717 74033 92970 21476 38408 87088 44795 45782 6645 77933 95492 73608 51012 7931 48186 56400 67803 16762 56169 82669 99466 19226 12679 23689 32988 88917 69933 16247 77349 89369 77669 13539 48998 47967 69752 43939 83321 5146 3424 41668 30016 65877 26352 17242 36698 44885 22496 81204 85913 85478 93067 88627 6230 7350 51120 16653 62820 1283 17762 97908 85883 87073 48343 26490 23948 16702 32491 50921 86030 99030 41785 88744 69405 77738 7966 87464 88989 16522 39615 38928 78786 87999
325 199
85847 99853 62971 97666 12394 16908 60235 34423 30304 78444 49019 89567 16737 14350 32121 4 98412 5995 76985 29717 18301 61586 11501 86825 16253 38588 69706 10599 49519 67575 37434 1477 35370 99860 30425 11895 71766 72029 40349 78986 91521 93423 76970 30614 31808 70053 28065 43220 12076 97522 54610 78489 12641 55998 93570 31776 42180 20328 9073 61515 26540 71400 64589 83016 17352 71197 27869 2349 49497 83036 12664 9974 20444 63440 43953 56011 31035 65348 99425 47641 71405 40565 21573 47992 96612 64250 92538 6056 41297 99916 26581 13103 61452 54971 17038 97831 22088 43917 668 72337 58451 25137 44714 22831 30820 14707 26828 82213 65771 43674 42574 50893 73428 76605 81158 47217 41853 17332 66605 65197 49116 50681 61906 54556 48818 33679 45616 80839 76719 34575 58983 82063 19334 31622 20013 39567 32887 26319 53278 243 14163 98062 3044 64622 71725 42653 52442 45753 43612 13387 94790 70558 7215 83734 40412 67986 46628 40310 18072 15962 27646 17494 32844 21562 26188 75545 62426 10348 56410 51577 48082 98004 33381 38388 58575 15281 23428 9664 99554 98681 18231 75431 32337 75140 21975 66313 38849 46269 4286 45918 4215 90694 69870 45525 28182 9325 38574 45362 36882
563 128
84096 72711 41892 5507 24176 48674 978 58452 11548 84016 97120 51517 16788 84575 14371 58111 70112 57969 20365 5390 63992 40576 58727 95746 46370 41657 53331 20894 51294 42425 82815 66643 82018 29871 29611 767 14410 37835 89433 78740 4851 82667 62504 71230 51175 71091 95968 21711 96205 6389 64508 51236 26744 75157 93860 4341 77171 18729 67487 27105 73858 13904 91528 79770 62388 92000 5477 61875 26585 25716 14830 71458 40725 57243 48328 65743 55609 82347 12943 48679 52040 8476 70668 83726 14778 29300 93412 88394 55448 95583 88661 73377 28194 2104 78423 33831 49757 72228 95821 53952 37368 66971 15405 34368 31448 1097 22536 54037 62617 85582 28597 85894 22791 22136 69781 16798 37786 12869 99902 83288 9683 26290 605 5384 60635 23632 5255 44232
2792 73
62290 26782 87132 57885 7781 25167 24240 99903 94701 32153 37901 84917 82520 69236 50519 93063 24277 74923 24801 65977 76730 43640 25674 41553 88736 56774 35382 28119 90939 30602 90794 98438 37240 76120 50831 29595 72050 24516 14768 46259 11951 30128 90245 49039 62660 13175 62583 84516 18418 30379 65886 50551 34649 54205 10271 26149 5079 48903 17273 45350 39425 75959 54930 80095 51655 87437 84693 59504 43519 89176 3260 83796 11720
3176 39
96898 1492 5653 22827 16494 16195 92001 10395 35482 26991 14981 2953 51178 78221 27264 29146 71669 85677 57304 96618 96797 90791 64778 31586 30499 31700 61068 49520 50464 9191 64037 78608 51854 55376 80720 46171 4477 8831 5509
3077 23
39471 40781 89563 16170 99714 32297 16254 30466 96586 22232 383 68823 38850 22949 81785 20621 55077 49668 52952 9714 57131 58181 21788
2093 9
934 87283 68799 32477 39100 24514 30932 78557 24012
