37
1670 13
35408 3019 14382 31661 63699 27210 64159 42118 20666 50657 52481 53283 17323
2460 13
11019 50623 43559 75218 29126 41499 26778 66248 46141 59611 7845 23470 60307
2687 13
51972 2096 31030 27206 21149 34000 55140 41605 70384 13757 52723 45304 15758
3862 13
22436 20906 40744 27283 6856 66773 61276 56795 11991 41806 41939 50469 43964
1489 12
35965 70598 70550 44447 29087 10869 39105 10309 37384 6921 16879 54346
4536 11
71460 44871 10550 62107 39755 11375 23283 26832 59445 29341 8505
678 13
43739 56297 27080 10651 19290 8380 3415 27635 46996 31100 5781 44490 36275
218 13
12614 40800 12633 56032 38882 33275 2772 56533 24522 48083 70734 16923 70834
6834 12
33817 36653 6802 26489 40997 13730 63291 17565 72253 37032 18937 37265
4454 12
42526 57945 2990 33252 8071 35806 61626 74701 26169 52633 4645 10943
2334 11
64658 50107 44657 10182 41787 73551 36796 31105 38541 12050 51225
2180 11
6487 44302 59118 25443 69536 1491 64158 17640 56825 24442 66572
507 10
18661 26821 23338 69713 20411 49264 20592 53021 15040 22240
5101 11
66499 56134 21989 67296 1676 68486 65697 19984 71330 35458 33931
3735 9
71846 10727 43494 6578 23084 71861 22294 37400 10857
7321 10
30767 8460 45518 15469 10805 29136 75182 17906 22607 36801
8219 9
702 3827 74890 23064 42209 53187 21854 20895 13266
4982 10
20294 24167 37950 70940 24112 27890 39851 69624 52892 37110
5401 9
8295 22115 387 70763 865 11320 69020 45620 908
9807 9
43839 50000 274 70220 39478 70784 12923 24363 34505
4715 8
35507 50634 24472 62171 60291 4908 71629 59828
40 8
49910 32360 32654 46703 10905 63215 66298 37708
3592 8
69734 64167 31024 1831 35871 61465 53738 8585
3544 7
38555 72756 23336 71127 13311 8176 29035
7197 9
66826 56862 51822 31632 72673 42202 51503 7041 63975
3420 5
23206 45397 64842 64042 5199
4564 8
64779 2710 15514 26325 46764 20407 38762 65916
4711 7
57091 57783 28177 43333 14421 14066 16955
768 5
59549 59907 41648 45489 43909
2053 3
74580 52718 45278
1124 4
70342 6149 3815 67470
4572 5
59150 42310 59120 52890 50042
109 4
71207 27447 31833 52697
978 4
28724 43329 11562 30955
22 4
19211 1882 15161 73411
7841 3
7790 15085 67075
7 2
48523 35338
