19
792 107
95658 54646 35398 96953 70508 88306 42113 1370 56142 66503 46177 53319 23631 88483 5240 94970 22018 40555 54501 989 27425 97881 28656 82578 46327 72095 2968 4139 63289 63529 42723 14005 36899 85303 34863 83407 77981 70533 56492 71400 15901 1748 24095 65297 50810 67082 40042 26814 96802 65684 44741 81546 28786 96893 30057 78544 49734 27981 23443 52963 20535 75316 85078 78731 363 48575 24060 31932 39693 48288 20911 47264 98530 10921 9679 8952 34167 12685 50105 82210 3623 36804 3087 11953 63588 20664 81434 14650 48317 4179 23820 75694 61287 67742 40587 18016 75982 51343 30376 87386 89833 32706 6325 87825 76539 17483 34550
6965 97
7 40262 14490 36194 12880 31487 47141 67022 72913 27088 15158 85885 11281 48387 12334 30079 30744 65156 73397 15570 9752 15861 11191 43205 49377 50600 84899 44578 29601 8502 7093 98173 22008 70571 76940 60045 65046 14276 9754 93827 57800 29213 74299 31371 94370 16914 75567 85930 25059 65097 37087 33995 58359 65271 51984 27686 12824 18365 50010 10641 52561 15575 93843 32262 65001 58602 13963 93983 80180 25753 32684 39139 18996 99555 40198 11577 44271 80265 24162 62346 61875 67031 45022 30037 93678 63268 31032 17832 45183 56057 93705 37239 77062 36463 66521 76734 9998
338 91
93704 50280 13261 76861 38179 99799 78590 73627 48505 11145 76589 7519 87853 39873 46722 81109 31379 87274 75972 82508 85865 44366 61546 91647 50094 73365 72196 76211 15212 42895 97311 6084 40320 44896 24543 91478 48583 25804 31897 97712 97263 19065 85782 98455 60700 74666 97549 45276 96671 80363 57922 65225 86454 6062 89982 14809 33477 60188 2723 34027 22470 6531 39500 52221 31205 76956 99979 86751 88763 78876 11985 49560 41920 63821 85294 72269 54453 74778 48683 53440 70944 72805 49068 53637 6102 91123 23011 40414 87103 63308 89764
1450 80
34414 49316 74285 35341 38893 87678 16995 27589 19302 33883 91017 66979 22242 75646 24251 5448 38621 90078 23033 46001 78869 17835 92332 31016 22709 2704 66441 49040 96700 71698 85477 81738 50005 80441 57518 84697 15331 87573 54349 57486 17010 96029 60809 20437 6868 13207 59891 520 52445 88050 6479 39757 74715 7260 65747 23663 17086 58147 30915 69731 76162 5379 53409 30055 51482 62433 86825 46961 48098 8499 24337 59328 98872 67699 4300 94438 71293 2358 13133 23812
6194 74
9565 63044 78860 56303 35837 21641 42651 56962 66644 96276 36242 31842 50141 11259 92518 6186 9122 10988 30435 64175 28691 86092 57414 69277 66562 74949 46764 41518 47437 95926 87160 41184 69994 69421 60173 14158 89559 8628 46929 41990 68813 22864 267 26596 99838 60214 21649 2575 87198 22707 88785 65576 47511 70137 7690 79978 81837 99588 29337 63829 43466 87254 36286 14920 63651 41936 43472 73546 86495 52914 26867 13792 38617 55179
7584 62
13316 48549 55844 59970 66732 96388 60886 4800 73285 4775 13390 64940 99991 56618 38329 80923 33851 29674 99036 9327 5023 98500 93891 91533 21546 26183 88067 1533 56680 87978 97663 68369 43299 44783 56180 32677 94499 25531 70011 24281 81720 14071 8746 23490 77644 98630 71054 56271 23984 70236 8239 15753 80879 48118 52139 45623 94264 88283 90505 5447 29215 12025
6316 56
44116 57961 30796 47811 54306 92981 69793 8733 56090 9434 85661 49988 67839 55067 63138 68092 38654 65228 19132 20732 26906 95974 98179 33875 87285 9623 92209 41565 98906 77712 71310 74535 8381 75376 1777 71815 94795 26910 65253 82377 33371 19607 42260 3236 20285 636 56879 92639 24947 8426 18626 25189 57273 74635 34503 91564
5551 47
47176 31096 26449 42997 43686 89676 407 39208 86040 52319 14956 74463 85678 34619 48222 66343 73708 80072 41088 44854 10547 6851 99521 41471 25007 32072 37457 69886 22215 77277 79848 68641 66988 30836 25103 35997 35607 90312 84826 28420 82073 44662 34835 58749 36683 98964 75467
2834 44
65269 55849 64234 30474 71148 54038 18053 61586 18231 33716 63944 38692 45404 95084 22175 35528 75185 64749 59387 72960 15612 81113 91413 91241 39478 20112 67692 84183 3428 490 64290 65093 10290 78646 4431 81598 46705 56366 6514 93365 97628 5500 2952 37897
8522 36
59012 25619 99999 4943 55228 7837 63709 30514 13982 82958 50894 63586 8991 93276 52898 13030 76834 26802 9914 39296 41790 48161 68343 48078 32298 46987 50193 70280 83909 8282 34687 33954 29870 47661 45552 42046
1788 31
41157 98253 7750 62721 27832 93865 685 9803 42227 94597 15277 19119 45347 52086 57669 78454 72352 11115 15233 71435 30292 64867 9739 27911 47166 18264 34471 57156 92534 22800 95435
8439 25
34825 48133 71066 9001 80789 60310 88601 655 55007 77804 56859 24188 5397 31314 23300 83191 93222 85371 36788 80384 80443 88820 38585 17435 51797
6511 20
90735 66958 63301 12404 3865 75195 28968 14794 78252 36545 39904 58108 18687 77860 373 73824 29438 14546 63274 54404
6108 17
46452 81874 40212 68153 61805 93255 63461 86286 32452 504 57317 2852 23039 42183 13140 34400 50637
4766 14
89115 82316 94557 78406 4056 92781 1562 49350 71563 25144 14007 33676 39546 68449
6607 9
75416 98205 63910 34521 75537 72635 47478 82305 15963
7096 8
14565 29339 9675 8281 59821 39104 69775 5875
1471 6
17005 32009 67851 75500 26364 10696
2120 4
75062 98952 33534 87229
