6
1032 197
8625 43994 19344 52965 7751 77289 82933 19796 27900 37423 25921 98387 37935 5638 76341 18074 7453 55937 76537 56035 8461 60991 60457 9744 76385 77725 55823 94971 99991 39347 36038 19775 68281 2571 437 89742 56068 6712 76284 45909 97830 47099 13757 1717 98631 71663 25283 87088 47974 42261 3097 25699 11475 26281 79333 47317 61201 29017 51242 39348 39237 53736 61403 29895 52268 24181 62744 40120 31288 70044 16154 32822 26402 28789 66211 86315 2224 97062 83827 80317 16696 25906 61453 8086 95139 54650 68959 74574 68645 22543 50204 77641 20840 61783 5616 70622 72659 57623 9755 46242 22673 78619 4041 10336 11842 74639 6665 75633 76309 46628 87703 63369 39072 68968 78251 87119 79382 96017 63962 61320 45959 76032 27073 79308 52434 95283 17526 61648 88550 40446 45712 72024 96082 19376 27083 95530 57035 85479 535 39762 70572 51063 77743 29717 76337 46497 69207 68932 19221 22271 58146 56379 28971 63222 23936 18496 43335 58833 23171 21753 88012 7204 32540 59465 40917 19856 29294 36725 66290 53766 56902 49223 40712 35314 72868 76366 9403 65220 56181 95275 30902 88483 46553 81905 20808 18796 2597 20019 60442 14231 53285 99726 81389 34416 65574 98831 81087
1061 128
53220 73451 42372 34934 28431 12480 9190 31417 41679 90456 94296 79692 98493 56193 68975 39721 24482 75184 98384 48075 52998 32931 98936 80929 35137 3835 41153 6534 77053 67153 18509 13960 94523 33584 27297 57524 85599 11040 87972 51386 57416 59495 90865 93190 797 57808 99210 6266 48644 98276 59490 27462 63958 97616 77561 72650 4593 60654 62156 77526 4864 61914 11198 64441 67847 67449 52319 66274 29334 32069 88778 58171 14465 84018 43232 96883 58808 38893 91748 19604 56587 90068 13999 26524 94857 12482 56579 80680 23790 15418 24549 12674 29894 68821 50565 34770 54445 45518 89695 14534 53165 80604 4914 14078 60382 32831 57782 48398 10131 18940 66941 50085 23835 86340 32201 47119 45779 48755 75656 29156 43500 54416 74742 69392 79524 22462 88347 91086
1344 78
43948 54671 36751 46828 63364 47694 28037 86238 46674 39187 63851 88595 51620 78462 69873 27707 33997 67586 53906 67714 75104 12312 17232 67915 31677 29561 22818 22210 83007 34407 22628 80444 17326 28523 69056 34530 53606 19971 67512 16990 19454 84226 43618 91284 97652 81879 76660 31879 56771 95148 39579 60759 16654 33282 11887 98160 32406 87501 4355 57746 82168 23990 53960 59745 4313 19244 27155 90243 18886 93285 10468 26577 8933 3394 52052 28087 68623 25116
2441 45
59003 56054 25769 72 34970 88654 10024 3015 14865 53548 72807 75672 14906 38563 66990 48595 97418 993 79128 14834 28511 34359 66767 27610 29651 18873 57896 90989 21186 79427 22649 66832 82894 34011 97024 40425 34282 74479 33451 40011 42663 97673 99740 5408 65127
2116 22
56994 59421 96095 49882 7715 45668 20885 71967 25146 19335 26989 70304 9552 76008 11893 20333 89716 56874 38205 77214 43745 74428
1284 7
44272 3874 31823 14224 87477 81869 81915
