36
3296 11
61665 1607 45453 50728 14260 42070 28847 16698 53542 56476 56585
6140 11
49464 43389 21150 27140 5505 56817 4550 29051 14776 23855 25304
401 11
46651 40652 7789 125 55425 60240 43173 59269 17973 16214 52472
198 11
28815 60000 58660 4626 45260 55438 38749 127 58353 61390 57349
7646 9
27537 12364 62157 29668 27629 57210 53521 54472 34468
8912 10
34479 48032 46297 41249 61241 20611 1738 34710 37077 38815
5968 9
13578 38243 7376 43946 50010 44084 32424 35138 14343
8645 9
49789 39502 12964 20337 1907 4063 18697 38101 37560
381 10
36825 60152 40240 59040 42662 27759 46552 10756 45416 58188
3252 11
34061 21973 28828 52128 5577 9740 2676 45087 1785 15790 9484
3144 11
27318 6644 55887 32473 17122 28123 25712 24397 1017 247 48898
3740 10
57481 42457 41108 51027 23750 1097 28996 17798 40591 22663
5931 10
26034 24953 3734 55351 49723 20867 12579 55743 45378 49991
9859 9
50012 24310 6105 53209 6483 7224 23416 17478 25714
3754 10
60538 27605 37960 28534 47102 20761 12768 46321 20452 61232
7468 10
22669 40188 2382 9459 9276 6929 20350 30331 45631 13679
5481 8
37215 14919 44574 39226 54313 35111 55230 41979
2757 8
3749 60729 17143 3105 9050 24636 59983 28612
395 9
10621 12346 26529 21419 52625 18648 25009 3791 27548
895 8
51913 20873 25028 45827 40730 52246 39103 51589
2072 10
45498 55641 57537 8786 32773 2997 41232 30629 61603 13223
8740 8
53362 26496 42695 49026 44367 60287 33712 23662
5522 8
22480 554 10577 52174 27495 60931 4160 42094
2239 6
59226 17873 11275 31003 22985 59512
5072 8
9605 30995 17934 52400 52298 33054 34769 32785
1862 6
20828 9649 49112 55353 40112 40140
4933 7
42370 22470 9397 46158 25806 42923 12906
7640 5
55377 60843 31944 28036 32258
7865 4
42646 56082 36212 11143
10003 7
54080 13363 30924 24613 59017 5588 9678
1317 4
14072 58448 15145 15228
2943 4
17005 32510 45371 27004
277 4
833 32016 35649 58131
1180 3
4192 18006 33437
4364 3
53001 36395 23817
8909 3
33249 53552 22711
