22
1123 18
22109 49102 50696 37140 20704 5692 2957 38519 10781 43015 202 33976 1318 25531 14297 60858 41316 6533
989 18
58863 53708 22010 37132 6883 25124 27978 26296 1309 55480 3462 5245 28692 45260 52802 55654 61192 49577
2163 16
9296 47143 37407 10990 2071 18142 33958 4050 45578 3814 22987 29440 29988 49387 36177 49170
1668 17
21436 53802 11071 48519 1075 3631 13178 36887 58486 3498 60752 28283 25067 41733 38489 23463 61106
3392 17
9729 28415 55017 37378 49123 50776 4737 7532 25915 44206 36541 36989 12169 37663 32689 57272 12995
2348 16
36345 7431 44225 30386 59075 41096 60340 2880 2200 19067 51568 13142 51924 30168 32450 22337
2762 14
27523 46411 45090 28375 23127 25250 42450 43992 36144 20583 26674 23581 28605 59468
3770 13
13570 42561 45514 38242 51700 35935 33918 13265 11656 35768 39715 12119 12809
2122 13
21850 50375 21195 10967 59242 37409 13937 9826 48481 15593 5813 2739 21933
1525 15
22117 13965 55389 21167 15875 33473 41952 57256 42620 29284 43242 41954 19222 15755 1859
329 11
26082 36625 57231 17138 47269 37284 45368 44553 54750 17300 6191
351 11
30128 29336 22336 25938 52141 36399 48741 25849 3178 44459 53591
678 10
53056 31039 42081 3518 46954 55873 37269 44655 40855 35669
1537 10
44741 30684 14339 20844 38880 6099 5033 25979 5928 2660
4898 10
1379 6140 34877 49832 36779 36167 21496 3212 55823 58491
5897 8
5426 16391 30317 32478 27849 2297 60596 1080
3622 6
41723 42867 33831 31515 36737 40271
4339 8
33194 23443 3481 52080 42041 45575 7917 51463
1347 6
279 15510 53312 32749 14243 22544
680 4
56324 30159 15091 60289
6711 5
52285 23544 55772 28031 43803
122 3
21210 59658 54945
