21
419 16
19075 2448 22595 7810 4792 50678 6381 42135 34366 23407 39749 24084 18312 35358 10374 7244
260 16
29225 27526 38128 27514 48196 15305 1082 33992 27166 37685 26669 9908 20559 37032 28447 3013
590 16
48613 40527 6924 7069 20651 14212 14878 6229 16381 39403 32710 31280 19009 42588 35550 10144
1609 15
40933 41209 6858 14560 14988 14846 29667 15654 27591 25387 21185 50812 44930 38243 7826
11516 15
6383 45827 30318 3882 23767 9004 9257 52182 28214 13678 24709 49550 41332 42741 31614
1989 15
12680 4444 34628 36701 12070 17584 6 23909 17718 33228 48562 8248 2282 13917 49626
1451 14
36064 12120 16494 45548 18543 8605 26533 32289 14137 37427 10949 41943 29005 42980
9732 13
22332 12576 24683 47374 10845 25918 28099 47472 17675 7696 5990 40565 17346
12948 12
47299 14354 16434 8735 40520 18833 48774 26548 38564 7285 24974 39797
3720 12
34206 40698 31650 40689 19223 51268 5715 27914 5881 21263 27590 16466
9985 14
48534 3833 10486 7484 40371 30542 20198 47818 51125 17864 39589 36560 5947 39398
6251 11
9087 52172 35139 31344 11032 29061 19392 49234 20165 20360 599
3246 10
44195 32774 16334 50890 18541 15797 29339 27146 41472 27729
10121 10
50059 11200 39761 42553 46640 803 35471 47958 40716 39007
825 7
2624 37023 19871 40496 13684 16161 37550
816 7
27279 49950 6339 37479 52180 3442 10015
669 7
47925 6021 15326 25152 889 11605 18706
8764 5
12456 33842 3404 34683 49092
666 6
16081 29443 24529 20200 19512 10635
2586 4
3254 43290 11908 47551
370 2
3549 12438
