14
1071 106
26961 80548 47726 4715 82667 16504 72585 99747 20260 503 52774 20252 39073 40964 68746 60764 85849 99450 45771 35968 19426 18084 30403 85354 7497 20350 34017 61969 76791 12845 35501 34797 33363 1094 45647 68913 57099 94539 698 54816 91470 46677 4602 1096 22978 92746 87189 71670 23625 61514 3136 32917 76349 9821 96462 55194 50145 90971 71137 65370 25953 70296 5461 42847 9783 60680 69476 26948 21042 45719 42667 11685 76642 84051 20146 13735 46650 42297 91759 32076 43241 50084 88339 59612 52456 67852 35829 10057 64797 72755 12089 34123 60308 97233 46010 1807 34954 17986 94824 47837 8578 95228 52223 50200 97634 20259
622 97
92373 1923 73218 80932 54575 59777 44509 94024 97640 41503 8812 70516 97814 71913 9502 98349 4642 55936 96660 61328 64671 43437 97079 6222 47683 94610 76419 93016 51675 96824 68186 26664 6675 62346 72776 27112 4156 66217 43329 50440 14053 85451 53918 12378 26332 8781 74779 16660 72423 36355 18838 28158 68545 13318 71747 71096 87570 81169 93517 38588 89874 48750 51788 15937 27447 26097 86097 15341 97230 65262 30900 41721 10677 89065 21565 85000 43485 10707 84924 35559 8146 53386 64823 85002 10241 73665 44159 78771 41551 81872 63019 43953 54450 58539 66069 26840 41064
4778 82
61937 23040 11154 37378 51805 73590 94053 27743 40923 24908 1282 42585 74776 29169 23857 58675 33653 40719 2376 92756 16137 81549 18472 6987 4406 59322 85353 60445 55014 82695 28338 72648 5897 36258 69433 42944 35485 9651 79931 90051 20744 23531 64490 91267 57895 29481 42473 6361 50169 10620 56759 73972 59019 84522 11281 94305 5708 21591 32424 63817 51604 38604 42104 62282 70401 98082 55405 99274 12944 3870 24339 48078 21515 30321 50009 78466 5943 18637 90592 277 96665 55490
1797 64
3941 92041 18894 36351 22724 57093 5190 51380 87502 99311 6565 2116 15228 27559 29327 15464 12414 80557 63726 42861 43104 51638 46464 36686 92934 43603 99877 81190 91926 56126 60089 54489 6443 24689 70993 75577 41033 38065 9729 86883 75825 5165 14396 53786 73454 77116 69594 1589 44207 56069 39859 7844 91878 2838 91869 77921 58717 55806 6497 8376 95912 160 6110 91946
853 62
62746 58610 18162 75749 20255 82936 68114 5878 72795 71405 43052 94921 17469 88859 94172 94683 90497 75359 20931 96002 5849 64675 45419 44855 93519 59128 90519 17654 98347 68508 15568 79118 73694 95842 80654 66728 8550 99485 74959 3569 34603 7483 64647 32887 8726 24867 57742 45362 65290 2510 36470 39171 80933 41992 88814 16313 56734 8189 13902 43597 30917 96017
785 45
21906 29482 39889 16948 17886 80806 97112 35159 69101 77938 5783 36599 17767 80744 40857 80857 83237 38443 33220 88435 79976 59 92870 76294 37357 21909 83965 71782 55552 1871 55160 67028 17844 68431 45325 98493 1635 93165 33109 25199 40302 67345 86391 85942 42773
7911 34
62121 53651 54793 71399 11323 43549 31232 26421 77100 61806 86646 67848 35403 53885 14849 98653 54507 12078 26374 95358 46000 25656 71505 48233 11068 2250 1324 87897 65014 65751 88834 49098 48493 97278
5366 29
53971 16136 41034 42963 15678 24983 53201 50086 10155 34004 78226 75874 75385 34839 85624 31753 35757 61054 73554 40685 73734 70806 71437 27144 1748 95610 54675 397 91245
135 24
45761 79661 8842 24508 72713 13364 28909 1196 63923 50322 243 4614 96149 93445 25533 2688 87793 81090 78638 11677 77162 90332 55168 15629
2934 16
68235 96335 274 81387 91773 61464 52434 34582 31345 22977 8043 5863 98207 18952 18350 20212
3131 13
49889 81790 62329 79419 76377 28120 60515 33259 86439 33221 6215 4468 78797
6108 13
55147 14608 38253 96390 58918 36343 99186 78292 94352 95454 13348 71603 13819
7370 5
34224 40170 69873 8201 1472
114 3
84766 30106 27906
