12
1645 180
23539 59332 87258 55444 96489 5316 10523 40821 67134 21610 15152 80590 69232 44329 56108 67222 28241 68207 90410 729 38561 62555 75608 15639 72666 45441 30271 92190 92445 33241 35129 572 68850 34014 34620 91205 59495 62033 93356 68718 68652 5785 37590 9886 17237 45156 4295 61585 42476 18442 96318 55125 39851 3212 65721 30941 82806 83321 95485 96105 53279 12609 72188 13850 41342 83412 83251 24965 18413 9630 75966 25240 66686 11443 20948 99064 55311 87695 41843 23707 32463 25980 91658 18759 95041 4643 99689 74053 41534 61136 27019 49298 72215 20107 56423 55042 79478 12415 62204 83066 26238 38571 22259 31989 20318 94229 32396 71211 43369 14607 98938 30247 26598 35937 9293 58004 17962 44837 9096 37383 74893 70047 64749 1324 38299 49271 73937 87961 48746 96939 31633 39832 2100 84696 50353 23294 59382 85407 11665 80646 45876 99425 48998 62417 32922 88313 19052 16244 62119 21832 14386 87532 57878 37473 12137 99104 66179 67195 1950 52135 90914 62220 357 25824 82522 39899 4374 25765 39990 42044 46129 5972 30205 94774 51270 23436 59546 10656 83586 36351
5198 149
37742 20665 67654 72744 45657 39624 59225 55429 15902 86778 59322 23632 67140 31960 60801 91209 46359 47887 69670 9381 50379 14734 78316 72796 7784 36893 30014 97675 20939 50665 15823 47397 99881 40079 77002 90157 29228 76685 9822 53123 69615 31471 47853 39197 94078 99303 69049 20383 55595 62951 99693 73703 55674 36316 79600 63845 49746 2150 73276 48498 9618 46511 44095 59090 96095 53115 39441 31080 63993 92008 80297 13441 16058 99109 99366 21200 33489 63621 78863 81771 78551 82437 43980 30676 34829 83009 96433 59866 34855 93548 42697 69297 99754 77432 9476 11823 85550 83139 93471 94925 78248 87374 62865 98386 47155 82421 47293 17149 46997 52819 87396 33292 56074 96564 95737 80883 61183 95081 13859 17326 71028 44902 98777 13624 12515 11816 32772 14738 70762 72311 45114 68181 99727 71161 80554 26856 87137 87923 96990 58361 25786 68525 28310 76116 79777 97241 83781 71013 77872
4837 120
83232 41698 14598 25392 23016 32975 36721 49651 35729 87400 13706 46559 89091 62036 18672 5448 59050 81806 44104 1658 61722 55109 72705 33145 21072 72935 17263 12147 17834 7210 28711 87184 10183 17536 73220 59771 9182 83892 37979 7970 1199 58032 95799 75841 97095 43081 50627 20155 33249 68846 64631 97032 39482 13582 80084 83475 6779 35979 44639 24776 19108 56336 41986 38026 7864 45147 71184 90738 57429 76466 65881 25343 73954 331 41745 37922 411 86868 48637 33470 15021 3873 6428 60672 56215 33450 77947 74769 81715 81659 93892 20415 86074 47237 26361 21224 80404 51129 46895 130 78770 43584 96567 31805 96766 56131 61241 53284 48389 62428 67733 4963 8070 16289 31636 96475 56882 87047 50008 45267
1681 87
21659 82674 99974 37367 11640 22002 86701 4453 28492 49869 42926 16585 60562 9554 8418 98998 63814 48915 58292 52843 67645 10322 74648 11741 25534 48874 6709 5295 35418 67835 91373 64774 6031 12413 33034 79859 38217 30294 90115 702 5778 84933 45070 50905 36339 93964 5612 53711 52823 12570 9251 63049 68451 22205 29858 83929 86704 15585 7237 69834 95079 81249 27061 97746 54576 94337 26101 76159 11029 32261 11464 77408 91991 43573 28141 75240 16068 31551 344 41061 78782 24774 50592 56590 60208 39130 70515
1181 63
74412 41631 52771 41756 22087 78724 59419 3654 56051 14078 33402 13890 3209 33570 1257 17350 25433 680 76618 82878 16104 78829 73210 39763 5489 4684 83773 33927 8906 32805 60646 49724 2905 39093 86714 26877 85998 39682 29375 38443 70166 71304 10166 30111 887 71586 32837 19063 97861 48257 29093 28802 51239 90072 31414 96187 91374 96951 32720 53444 8326 69596 42325
683 53
35772 57291 72619 34811 24167 26946 49953 8711 47706 79604 20185 1380 94847 86486 62656 99563 6671 71309 96727 85386 98432 59740 32489 45777 7508 16738 84119 63166 38105 71313 7465 98614 50186 85053 49376 72631 31990 14821 67677 14837 37006 32904 83304 56840 61285 11427 21746 90915 51514 45752 98891 78573 86697
3385 37
21917 83878 54312 95731 90095 90963 27296 29277 41082 87033 96206 69071 71779 39144 65771 25848 87375 76426 80577 55126 48799 72768 70695 11305 88769 83837 71610 18485 45416 55872 58978 190 7738 87990 28977 68580 69492
2899 26
17551 37268 25548 62779 84188 75613 11662 98148 53535 28240 8726 86548 8770 54706 3121 97691 24451 82919 54761 55131 25593 24173 15083 96559 24586 80044
862 18
87376 93817 72877 55259 86275 63344 91235 37438 91346 48869 69668 40218 47549 36041 12462 81452 27458 49137
2248 12
59147 85034 50823 80293 19780 83014 3043 86838 42330 59086 74643 23170
3538 8
78881 87864 12793 13591 27290 65827 54730 7329
8 2
55206 23747
