11
6589 119
78008 2748 20705 75226 57960 2332 61557 31203 70256 38818 59557 38726 44288 46768 85532 31621 99365 65117 66087 85474 9445 43186 10568 30424 44618 2784 42702 92736 48691 70628 56284 57914 86274 104 3169 79124 87810 84561 4351 6389 20767 78221 98371 33946 93005 12695 29155 57925 26078 17328 80379 83396 87273 56468 21545 14878 63688 23588 12558 72678 77686 40893 15526 85890 41792 2541 45151 68311 76410 74432 14720 69334 18560 55438 81049 49098 34646 14623 64570 38936 49278 18379 75221 27221 63956 15843 35604 69140 78055 82741 61918 33924 19030 7774 52906 82275 25372 738 50937 97760 13464 23856 77626 14966 72780 55201 91597 95930 8021 4972 86466 96817 19174 22119 27413 71449 43820 88537 77790
4191 103
56026 35780 20909 72142 90188 24741 51005 56760 78217 10801 35930 16455 31877 54077 82256 13235 65707 73516 75936 80189 83535 10353 8337 15473 70216 81548 51289 63071 66793 64959 4055 96367 69230 30177 44321 44998 34857 32393 99536 71770 33897 79310 78122 16432 9754 64930 94592 93608 19864 37377 24191 68142 6948 39267 78690 3232 56404 39519 83385 67024 41658 93156 98318 83171 83128 44020 92525 53879 68420 48297 95263 10461 90079 34028 41958 36043 95911 93468 70568 60796 369 75654 64092 62383 85074 63575 8839 5276 54590 57699 77374 1615 80566 1154 343 43143 55735 67133 56630 51483 98674 12828 21365
4974 80
93439 3977 28103 57735 79844 46226 25614 72039 97527 13019 55423 97028 44983 19795 28081 68435 2353 75938 82262 25335 23378 65813 37264 51290 92082 13699 86356 56861 74640 2173 78761 38746 16499 9213 40831 56675 63547 2111 40398 95234 27335 87565 96923 15634 40140 59193 57870 40785 48019 42739 98597 56998 33882 4046 2811 46992 6342 12096 58765 64708 5942 60199 199 53472 90234 52616 7945 34191 31361 30332 48060 81614 39669 82396 97093 26136 8266 1817 85337 4004
476 66
81974 48023 90947 32731 54830 51231 38205 15251 95644 74433 14084 14338 31351 40742 83736 33986 49615 95209 93380 15800 7362 28414 37782 80336 53205 89996 67251 57595 87452 3868 24352 25520 16114 91036 50989 75545 82588 29507 54592 69219 68955 75676 38511 51410 75245 23392 94841 2980 7139 28995 59980 74548 20416 78822 4884 71759 16159 91391 13414 62526 64280 16695 60902 74627 76615 16209
3892 51
28482 73709 95971 32429 6761 55974 87352 8166 87930 19874 67474 69535 14832 19467 43568 76370 40206 79087 56485 93114 84260 52751 21355 63364 74690 27246 13614 86863 36113 39122 68105 66554 37737 72014 5539 73922 39020 62600 93669 571 82386 53367 21172 45555 89336 79652 14627 69097 81461 17364 88570
3414 43
37759 33359 80632 261 61747 27580 53659 65505 11773 4664 55129 45653 33893 81561 16011 73558 31702 15344 73844 47905 16610 75077 95835 9485 79940 51565 33487 39241 59675 73612 61048 75052 24654 49273 24299 92600 23556 48402 95986 72989 61313 49716 7084
4085 24
22613 78183 98714 82146 14969 60251 87196 99579 33021 73362 95610 52647 20057 52222 86410 12327 92423 61279 27995 27824 26293 26993 42805 59853
1949 24
93789 31941 28022 27274 9928 82173 90269 51948 54367 67753 53343 80018 44843 68999 632 69686 54976 22790 2703 5881 10746 60762 71593 12914
4453 11
74730 82128 87317 51081 45870 64900 62726 54368 37472 5326 2877
3040 7
19276 49940 35932 75653 76745 81821 60408
135 5
42610 80024 69671 53487 52649
