10
2442 188
3116 31305 16091 49205 11488 9193 99984 80027 37974 45795 49194 55120 93016 65085 98020 6343 16093 72659 36730 75625 81968 6520 9699 44216 64037 38077 63294 84320 88507 7139 32325 23319 34506 46980 76618 31077 57835 35797 31192 18434 41300 79947 76740 21855 45322 64127 81434 38539 12344 67805 41067 58783 86827 7995 93827 61786 95105 41831 34792 46649 7418 39854 14735 92862 73153 7035 56332 70155 50069 43594 61121 52942 85607 29427 24856 41426 71480 81260 90960 17428 68008 30973 54771 81179 65436 82669 97405 8287 67952 20357 15874 86698 32025 31648 44675 36942 13292 49314 20487 41329 31550 77978 43961 81160 2440 64224 75582 99956 89445 131 78896 77876 90584 2173 34045 27363 28558 71912 24886 45113 76786 38304 8595 63600 91126 35987 60382 68256 62579 34810 33655 26395 20062 43265 37043 62938 25532 52886 78715 15855 74219 16695 87107 25211 54384 29328 54492 33029 13305 97029 73127 91722 20181 11389 74706 33002 30691 20718 98663 89685 85960 46024 7591 81733 82340 93166 87358 13804 74563 10231 96107 46661 55622 92479 61531 28489 5799 84236 24277 93447 1812 57771 69724 87943 17065 97654 43135 77315
1961 139
25360 97620 42878 54186 69055 32538 77982 27238 89346 75661 10568 92157 9984 51832 84730 58410 11763 31939 71784 33257 53031 5973 6829 68377 22730 17587 82132 30002 87147 76357 65992 94423 92859 44925 15335 51256 26463 37899 59742 27439 53171 47732 32539 95116 19759 71568 32772 33276 68286 19115 68618 40313 7557 27870 42577 66806 70374 63909 65043 99026 72442 22506 92405 27367 77622 32841 50132 83916 8806 13237 27064 51369 88496 32314 85888 95681 92067 11965 46035 80288 16461 88253 31229 82034 95330 88919 29973 74094 4863 75036 66239 97698 90748 85639 8487 59030 62624 99995 26435 35914 40677 74365 28923 45502 61323 53317 67334 326 5727 35805 64684 75163 47250 79984 41186 22169 6293 86649 96695 88849 30026 35408 40877 68729 45849 78502 36003 30736 34734 39666 85490 4962 91563 31497 5021 27786 35132 83852 9803
3081 100
37479 56394 92568 25014 32493 89658 86326 91051 8989 43659 37648 71599 1085 95037 37405 42292 22070 30287 40859 76803 59881 81272 5469 84495 10159 13154 37813 49224 12902 24567 32699 48410 87053 14897 34361 11970 97399 56475 21884 52093 71693 43146 62778 36358 91910 4087 551 65030 17510 26629 36964 564 84895 88591 28746 38285 26954 84605 25914 97616 614 17949 4936 61917 95327 48658 19362 49843 87725 46222 36747 38731 5916 34230 41226 58538 75377 76738 52354 50337 87327 14530 47132 22584 68683 44390 62647 34558 65689 2194 47611 68769 69999 37081 33316 16343 49901 6061 50003 30582
428 77
96162 58325 76667 71598 35877 15236 4819 73213 58930 21610 88156 5004 39268 93681 24315 54971 51037 98060 29653 53710 7293 34971 29037 98613 94481 70412 28577 65268 9624 3954 91908 72707 19530 16946 21535 56240 55574 63096 25443 49735 9378 90344 94841 85666 72401 38503 35 58119 37668 22899 85239 95251 21234 56124 19661 8156 61940 26833 97479 75466 52375 76213 99198 95766 2551 38850 39415 31877 60804 77878 18152 67965 12725 97607 13161 60843 60100
3467 43
24205 95172 88082 35695 61837 94477 18794 427 93193 41809 15309 23811 34748 90481 65720 87080 4566 92888 37461 10480 1283 72557 68902 35171 52347 20823 63562 48907 35991 18406 16272 31126 48715 13520 79287 53735 45591 8737 79656 86955 16017 44877 53903
2309 30
56198 15913 58399 40866 94956 15768 91353 35728 9794 52067 35114 18389 63068 32655 63235 32846 91811 95389 87900 23150 9322 35137 55192 65678 38457 72420 99849 277 42438 16970
1079 25
93526 65146 40184 26865 85951 85721 80893 14107 55395 75504 76184 41441 26610 55967 63606 57958 23219 86301 55057 83155 12643 61981 99922 79456 87610
139 13
28468 27010 65738 77676 84923 77914 40480 99758 24243 36024 63191 11814 98019
3494 8
37951 96805 98890 25337 94153 63331 48644 69386
3 2
50141 35189
