7
1980 303
3966 38931 84278 24728 47120 34252 25076 43699 14192 93971 82489 20516 74165 41806 91669 2241 55088 88886 9940 40109 14005 48746 76247 18499 97864 54242 71433 21693 89273 2811 26177 88564 41066 83692 83427 94749 17115 63828 66165 80099 41049 39588 85204 78622 36117 10020 52725 96547 63629 75954 70383 72684 33218 6274 90921 63142 27791 532 95380 42562 69901 84883 67101 67947 41672 29452 8827 32516 59562 39114 13964 16663 73364 27442 90435 77382 57864 17469 13169 17827 61849 98675 27367 542 94832 86992 55433 18126 44770 97245 52690 21851 1363 97764 44425 97923 41088 34198 63890 38722 61496 92943 64926 75929 98289 54523 45395 4184 38876 7845 6139 94824 49281 60386 19921 97327 85578 32167 23916 52040 4390 10966 63442 10780 84586 45104 62065 96000 98269 32732 41836 48600 94007 97547 25022 37443 9109 86075 73816 56150 902 51572 48305 15542 39172 66917 95585 1649 55791 18298 96695 58687 68898 40804 99523 1732 57901 40336 36570 71822 40814 41204 59175 42435 20543 2291 40382 80318 76942 90449 83328 64178 10935 10409 6311 61744 63871 42954 87719 2097 26214 80788 26838 48744 97503 68162 83321 2103 2470 5248 63593 27346 68740 98864 50978 60119 77012 95609 36207 732 62703 9968 66979 58391 19082 52684 69082 84521 62907 86092 77967 44358 22050 89552 10890 86637 41422 999 74985 3319 75047 44537 54312 63979 33076 15358 63323 90711 10474 20548 45685 19055 78381 67081 38684 29283 47492 90761 21391 93284 9926 22467 75366 74081 20338 44651 48242 36260 66853 84638 66970 43797 72116 66609 31946 23918 45541 15934 89633 5711 56602 55843 38268 88968 45238 44816 33401 66902 82746 22157 7883 64872 87282 89186 3007 80967 27757 28613 57428 51975 1670 12231 93038 26016 33553 99160 25604 23148 2286 77188 40826 23795 78347 16548 89442 56250 86553 23719 3106 63332 39722 4581 1332
2730 204
35194 70526 75801 71620 47058 66648 42472 45176 64148 92787 23104 62344 65970 49729 61450 56778 95917 39603 81301 60420 14692 90212 40973 73187 87765 65319 10209 1847 59238 1825 12069 2231 63757 8081 64781 14845 80692 10126 17776 38005 10714 83621 18209 13532 55046 89533 4154 69865 41535 1303 61013 48655 60145 81757 49407 22012 28855 98766 74234 73251 11805 96560 21885 90827 98801 31454 43331 38574 55543 29430 47937 46417 73493 83931 47184 73698 5425 19405 32240 26469 69179 28544 59015 82790 59754 28486 58655 83709 33748 18054 34408 8461 82334 67295 76944 81461 8193 94871 14612 80307 61766 56412 98961 53337 66996 2977 38068 18939 36847 30322 5346 72893 64201 60511 29031 29497 98334 55747 19895 2975 20466 31176 34480 71531 4030 91436 85407 91953 90077 48478 45590 20206 90011 19328 1884 83993 82216 53472 7424 44969 71368 59523 7903 13736 24138 24410 15627 49668 88441 44495 17838 99643 80319 21267 91421 91969 92831 63531 78185 78151 69437 99829 52761 97997 81420 87814 89262 35966 20169 97963 22882 47123 10257 84320 50134 20102 8780 41371 7110 20281 77754 42151 28482 54645 16744 5804 45650 70567 95631 65340 88063 50748 15176 22309 9534 20274 76792 93669 52613 42719 74305 62175 41923 50379
1203 114
89540 70367 53617 77069 57710 90121 43718 69817 79170 22440 95837 47440 31742 66623 80529 94482 58951 39653 28568 69856 99944 28847 55080 91012 58658 43192 13204 15322 82810 9545 6366 82883 81033 20726 77020 50464 62018 85188 36615 62004 73533 21424 22812 36655 67881 7768 67233 17984 91527 44960 46344 74767 85307 29193 32771 57322 16096 62898 4682 16032 64351 72521 50483 31616 52890 46393 30196 42767 9397 13828 35104 14858 8132 79222 42211 23799 94455 56955 1890 29272 8332 15667 47368 57451 84738 31915 30426 23363 88475 13470 62653 19216 28591 53340 44842 50021 29435 44335 11869 2323 41 41366 71150 27923 52772 42816 49813 10686 31088 82343 18083 89300 10155 8495
3000 64
7980 29835 80149 43615 93529 20216 51700 5433 399 21027 43616 37624 47450 419 98159 27943 56009 60183 17899 60187 59725 66845 10631 42163 56358 62393 18237 33640 8199 49047 3361 29142 32975 99471 26730 8585 81293 712 75971 45457 57706 70849 52680 52838 38230 17654 83143 70885 8534 76598 66383 76073 84821 77046 35486 98745 50252 35595 67451 38893 32950 40652 35353 71633
397 33
25204 77437 84149 68173 76899 14769 9611 86839 24862 91351 17287 3021 58166 20387 7404 74822 83168 78944 70690 36740 14924 68940 10147 55264 72193 11935 67853 58719 73476 22583 29963 53418 79991
1463 14
43376 45611 41109 59756 39438 12779 53078 42889 79340 10836 40806 47032 64517 31327
1 4
82877 44319 49665 59043
