6
1157 528
2927 54291 75640 94490 39786 7521 30869 97870 54477 74847 33378 32769 5157 49038 40496 2934 33001 89508 13115 58404 48775 62056 91887 12368 32703 26657 13066 82993 36247 47010 20177 26312 44300 58949 2129 19341 2725 65655 75020 82657 5617 42166 60221 37041 31124 64710 38923 66558 9905 43723 74908 65218 68251 98914 49921 48997 11761 136 94101 83126 51296 36410 34444 16896 81273 43276 29379 49463 78331 99405 97367 97464 57343 77627 99295 42942 83151 47749 94087 1779 59614 91892 9481 63899 59663 16564 95914 25954 44747 45142 80870 64810 48002 62000 26332 82641 80596 47169 75988 27374 69804 4179 26294 92487 39232 64933 90346 85306 24304 1340 44001 43014 22525 83609 95247 97721 57174 32738 95231 66861 71238 35012 20942 48955 20702 45225 4670 64593 47461 6457 76547 91541 41191 1721 66852 72956 76974 29514 30970 40262 50075 52365 30983 35401 70160 50297 14178 2374 68464 76719 73350 6144 59189 78958 22850 85871 29788 97589 59605 53831 33274 6713 99309 4898 96391 23779 5630 4522 34149 15193 46431 40373 49096 25157 24740 74931 85509 31501 86625 47627 79363 37890 84444 31226 72917 24815 91366 66188 65846 69473 10519 5712 35066 64668 26439 7032 52284 10669 12605 91674 48396 59657 85191 14106 11805 96221 85474 1096 99354 48691 87973 51536 30589 72192 60277 24129 6463 55825 85663 73607 63187 10057 973 97324 15748 69443 42584 89555 60730 59725 62397 2222 13059 31998 8575 27676 11258 82299 57827 84580 33406 84128 65982 41182 73586 96607 65915 5765 10199 89576 12237 98294 60196 73747 39846 80846 45381 14310 59534 16568 17683 3727 51717 9175 24674 88080 32699 779 58374 17749 8251 98940 52958 80284 32710 33443 69364 55749 32873 98254 64777 57307 41744 542 58035 77575 4049 84475 71169 14400 54229 14802 63922 13361 97532 18130 93408 14539 28658 15937 81544 19087 57987 82986 89740 58756 64408 9596 94568 21524 69700 98466 68895 61855 6171 28185 70575 53571 74898 24730 13095 41376 30822 36615 51838 25686 54026 42887 48870 97713 85604 98458 63622 24863 68985 97559 36624 86743 27598 51535 58046 81517 51204 47873 10167 94648 49278 67260 84930 64743 44448 83050 26821 68377 70307 95369 14350 60454 77725 76177 31931 13413 31659 83855 44415 39083 7962 27074 18157 16864 81562 32392 7826 46603 73262 55966 10639 78907 27097 51349 40872 61278 62602 15194 79835 40416 36179 59051 57708 14383 20083 36460 71634 36129 66417 71833 32332 44768 6914 54093 29068 34619 37601 79746 81066 70669 17348 40628 2051 47066 88833 32861 94324 26842 97727 3802 85718 80680 69742 42136 26367 73928 77571 60406 57315 99831 42666 10347 96156 52156 21583 68307 68257 84538 93836 71392 6958 22151 33556 24966 42111 79883 19227 91412 61865 33832 79349 52901 44539 17115 9482 91416 55284 38943 17314 21905 54340 61893 95444 19654 62194 67471 49099 78601 58285 93081 10634 56838 94146 86238 95356 63357 10988 9242 10787 96077 1839 22871 8056 55089 29336 64373 2127 35227 57080 11795 18590 55729 4607 69505 76308 41310 78171 16998 8783 6610 83013 500 88611 55856 42660 21286 60505 56204 51314 9782 24529 3006 34827 16370 39481 1855 59458 26471 44088 38975 8791 19500 73777 20728 42249 3187 24601 91592 84501 36115 24680 76840
808 261
12291 46270 123 3666 42737 41374 82973 22027 87317 62208 66670 10778 25820 54141 20309 31738 12251 94953 72034 3349 98007 97438 66471 73877 16712 602 70736 32581 64516 34156 69085 16738 55907 16940 35365 72714 23899 67488 33801 60560 2814 57590 38488 71342 7732 91623 83757 89456 36978 93687 3642 19360 87156 84252 42270 1414 81811 81133 84483 9426 13053 48686 70998 97777 29830 54098 48975 50531 27756 63378 48845 64583 47941 11904 16513 55005 47165 25336 5675 13746 9118 18615 27095 22860 49076 18611 5962 89784 58976 75996 28295 10798 65757 36796 64175 39939 46973 21774 31829 59451 72999 44082 82990 85608 68566 21665 27883 6327 35041 90573 91307 16477 80795 88942 61187 78127 50227 79931 15071 17127 80435 4121 7746 15704 50737 86780 70934 7804 24517 65711 54384 17474 57907 41204 47635 82904 22512 98649 83077 81542 94491 64153 14280 26756 50630 70436 78430 91051 81620 87968 12831 40012 66355 82644 76829 85906 71661 80551 23960 74770 10144 13543 82744 24973 87096 58835 9317 33037 82339 20698 83932 14113 31288 59745 20300 787 85618 39952 24596 24009 49982 6906 81926 3021 53375 83865 97076 41950 26050 17285 52034 40679 62189 73804 54414 4845 36756 49267 93049 50142 51383 8872 63888 32628 34694 32957 50997 95180 66554 42987 18169 69338 34000 93320 2417 42052 7917 4759 81682 24061 92221 15357 17274 53688 19274 65580 33280 48498 43499 27710 31304 97206 58658 12626 21283 76534 50130 86759 3917 28534 43387 27351 39251 5387 22522 47331 55426 77334 39966 15214 18987 96332 23909 39545 78434 9628 59062 78471 76225 53487 20587
278 109
30647 6362 57075 69122 11262 45928 22574 46745 11186 54174 22462 40633 42155 16821 4325 64267 48184 39535 22885 15433 78426 97041 27008 37104 6438 30808 80536 59995 74936 18383 82154 14509 76443 45103 44690 41513 94745 90960 747 77281 43152 47962 63532 41340 62502 92204 90264 6593 28884 50917 51821 57013 13264 8224 11568 73976 96303 95464 12556 95273 71461 20438 31721 27028 76034 52087 45788 27622 86841 35791 32805 22467 97037 79699 61125 84757 59986 9851 93090 1863 8592 84181 86955 69666 91719 11998 28349 55977 80338 66624 28207 25920 49985 4090 2125 11331 60089 1531 28883 84791 80479 32008 47710 86649 97889 9668 60866 74171 66057
974 53
43231 55369 8444 22566 60115 89516 17235 29497 77085 61579 27057 27078 65997 65470 62590 75635 56095 35029 97494 18660 51507 78182 81786 94903 74242 78312 46719 64677 9836 59338 23813 12206 74609 14189 13079 20010 20235 73302 4109 17211 61051 57264 8419 49207 12846 50568 20725 49871 43763 45205 96367 28181 72179
1159 17
34180 95340 17028 78142 94516 73201 61073 69857 31522 83975 51439 38533 97621 31448 40081 45941 89726
3 3
49407 25412 49657
