14
3329 142
88666 38815 20543 65026 98426 61976 27639 35882 17010 73250 37224 25322 32363 83750 71550 97921 82965 93881 1466 61186 31340 26181 33790 14025 77325 63414 24019 12493 42736 51637 29460 72649 75940 7095 17181 63960 21155 86562 13698 57140 4546 65712 82860 96765 36701 601 12565 69246 16527 43974 83063 19351 90448 27131 15455 11027 33605 68782 93722 46712 76797 89838 38894 26191 62287 75623 97001 44530 93038 64031 36751 27853 22991 42055 46628 76912 19717 39894 97123 77446 77889 55876 63083 80417 96570 11803 62770 15399 34675 12875 71259 71786 48717 36458 35027 82827 16990 73513 11400 93381 77744 51812 6500 17829 35248 96477 65752 66132 26390 64339 51929 41008 87930 29809 78150 80792 11166 65219 79500 70747 32266 81634 90694 78062 62950 36293 88535 69625 92740 94623 70845 92709 6265 4167 67356 30486 11040 65069 53060 87317 26922 37609
2355 130
18108 38782 15075 49534 88444 2277 86653 66764 94544 70833 23461 2111 56634 79818 78176 30669 80672 54833 28537 64835 69104 16133 74188 56649 91545 70707 5335 95143 43251 29660 37553 54612 16847 83092 90627 69034 95835 75618 54764 74638 9719 58368 81316 42657 60385 99904 83235 27539 87528 13128 38714 7444 43641 68705 1559 78874 33874 2084 81294 54712 19206 60273 77925 8585 85160 13055 30326 94258 20110 55543 2551 69743 62796 55362 57228 34640 70269 42603 86932 7977 10267 12040 98443 46837 35393 46442 11599 94664 20071 24710 73561 8855 57414 28946 16844 71265 88500 16033 74645 44675 11473 75008 47653 81787 65132 82774 33697 33434 78552 60322 24926 13014 53258 38011 79155 99298 86026 19319 5498 49670 52177 4622 83179 74588 29159 13954 16468 31358 57185 27371
451 108
24097 6863 49943 65513 63102 24572 2581 3602 45060 93717 70096 78522 72733 71347 4571 53072 54768 77090 61565 68870 33004 59445 94993 82594 60372 74733 88125 82813 48627 51968 36600 9271 4133 58775 84646 74652 54717 11197 95518 89888 43930 22950 63598 6052 98127 96466 67567 78779 97892 63790 15457 23290 96862 13815 39444 24647 30091 41568 53765 13326 61299 62451 48556 19329 97761 17651 76525 99086 1037 30313 97321 21254 41408 1197 93519 31354 93164 56438 92249 11794 53233 32097 94086 65003 80116 15327 39193 28446 78489 74198 56692 35931 89669 86537 38095 51628 60529 26069 53546 74541 8076 36913 88028 30232 51735 17343 54781 48849
6234 89
97161 89062 33972 4237 71383 17549 77946 29195 86532 73607 49098 57477 41882 19238 13336 16014 45040 37895 47307 82745 23317 77542 82993 49023 54020 54482 17677 64967 33267 97698 67494 67496 79617 33241 40140 25897 90084 59448 97154 78500 44485 71741 61231 76623 74598 3668 52240 82853 57784 362 52283 37413 38384 52623 98097 35052 57560 57896 16838 78983 68084 4202 72533 54057 36012 62715 19914 1642 51515 46135 14477 4957 72629 41625 54006 57513 5705 61815 28353 60238 47737 50148 21801 19536 59819 47449 62293 38763 51828
680 74
39038 44236 89473 52062 13008 12614 59841 80916 43528 1312 39748 53127 39710 41285 32158 68041 87693 5558 47206 93730 76642 63307 20745 94654 91918 51855 87505 57021 81430 77583 55629 57944 29532 70637 40914 72344 31222 93446 15430 26414 9086 30931 54964 92197 34198 55416 92119 68819 52192 45934 85417 95717 61233 92116 83190 79567 58799 1260 68047 66957 91734 81864 94854 32368 82247 61545 85524 11891 92898 19448 18545 67056 41422 66105
213 58
60399 56938 13405 39364 75498 84067 27031 98014 79161 52135 77922 85001 26002 45510 70987 69927 48375 52879 81109 93515 74380 63393 91788 99080 31359 63240 33150 99666 97237 72676 64934 93313 17060 59110 79844 34152 50187 83056 15307 45150 82657 70839 52165 11854 24524 45398 23465 42896 86934 78045 64664 30550 85241 23313 32053 84213 70767 91395
2961 52
90125 94346 43880 58838 39799 4697 72183 42469 13461 78770 38321 9906 96949 84549 47798 38232 7987 10155 27290 34142 8160 53216 40082 88308 61902 9060 56660 45012 72300 43527 45237 19793 51517 27607 92838 54469 2785 67582 94723 61030 64414 46809 62943 29848 57263 853 34021 991 86218 10135 80661 191
5010 42
15653 70816 50520 81670 83158 77535 27939 48845 66977 38020 33238 81181 60073 15363 84062 97864 30857 40559 55183 76444 2886 65151 52646 49746 75695 35066 89840 35067 921 54894 84276 73899 13617 23713 74884 99322 41337 78504 51705 70210 69694 98945
2237 30
31724 33524 88648 72962 67890 15950 22040 93826 47451 5601 41372 65582 91493 7445 88493 19582 66454 33832 48254 73584 80845 18359 35189 96969 54577 11931 51982 4990 90613 76606
2468 21
68840 86367 36565 29269 89456 31296 56447 65111 36653 63654 67209 98153 6268 69720 58603 21941 10654 9368 60183 75332 85450
5691 23
26509 57294 54596 81213 68285 37073 83197 66118 77906 6688 6454 67295 66226 96483 60148 15267 64651 12793 61748 79363 89833 26607 33235
4372 16
47061 15251 33001 43902 1398 29738 28324 72010 70064 31312 22030 9524 9544 50018 9841 53661
1868 10
65996 24232 19447 7265 77332 41754 40479 35425 39658 65814
178 4
89997 90975 4152 40184
